000000010001001
000000010001001
000000010001111
000000010001001
000000010011101
000000010001111
000000011110111
000000010001001
000000010111111
000000010011101
000000011010101
000000010001111
000000010000011
000000011110111
000000011101111
000000010001001
000000010111111
000000010111111
000000011001011
000000010011101
000000011100101
000000011010101
000000011000001
000000010001111
000000011001011
000000010000011
000000011010011
000000011110111
000000010101011
000000011101111
000000011110001
000000010001001
000000010011101
000000010111111
000000010000011
000000010111111
000000011100101
000000011001011
000000010101011
000000010011101
000000011100101
000000011100101
000000010100111
000000011010101
000000010100111
000000011000001
000000010111001
000000010001111
000000011010101
000000011001011
000000011010011
000000010000011
000000010100111
000000011010011
000000011111101
000000011110111
000000011000001
000000010101011
000000011111101
000000011101111
000000010111001
000000011110001
000000010010001
000000010001001
000000010001111
000000010011101
000000011110111
000000010111111
000000011010101
000000010000011
000000011101111
000000010111111
000000011001011
000000011100101
000000011000001
000000011001011
000000011010011
000000010101011
000000011110001
000000010011101
000000010000011
000000011100101
000000010101011
000000011100101
000000010100111
000000010100111
000000010111001
000000011010101
000000011010011
000000010100111
000000011111101
000000011000001
000000011111101
000000010111001
000000010010001
000000010001111
000000011110111
000000011010101
000000011101111
000000011001011
000000011000001
000000011010011
000000011110001
000000010000011
000000010101011
000000010100111
000000010111001
000000011010011
000000011111101
000000011111101
000000010010001
000000011110111
000000011101111
000000011000001
000000011110001
000000010101011
000000010111001
000000011111101
000000010010001
000000011101111
000000011110001
000000010111001
000000010010001
000000011110001
000000010010001
000000010010001
