000000100011101
000000100011101
000000101110111
000000100011101
000000111110011
000000101110111
000000101101001
000000100011101
000000110111101
000000111110011
000000111100111
000000101110111
000000100101011
000000101101001
000000111010111
000000100011101
000000000010011
000000110111101
000000101100101
000000111110011
000000110001011
000000111100111
000000101100011
000000101110111
000000100011011
000000100101011
000000100111111
000000101101001
000000110001101
000000111010111
000000100101101
000000100011101
000000110111101
000000000010011
000000100011011
000000110111101
000000101011111
000000101100101
000000111111001
000000111110011
000000101011111
000000110001011
000000111000011
000000111100111
000000100111001
000000101100011
000000110101001
000000101110111
000000101100101
000000100011011
000000000011111
000000100101011
000000110000111
000000100111111
000000110110001
000000101101001
000000111111001
000000110001101
000000101001101
000000111010111
000000111001111
000000100101101
000000111011101
000000100011101
000000111110011
000000110111101
000000100101011
000000000010011
000000110001011
000000100011011
000000110001101
000000110111101
000000101011111
000000101011111
000000100111001
000000101100101
000000110000111
000000111111001
000000111001111
000000111110011
000000110001011
000000101011111
000000110000111
000000110001011
000000000000111
000000111000011
000000110100011
000000111100111
000000111000011
000000100111001
000000111110101
000000101100011
000000110100011
000000110101001
000000110011111
000000101110111
000000111100111
000000101100101
000000100111111
000000100011011
000000111000011
000000000011111
000000101001101
000000100101011
000000100111001
000000110000111
000000111110101
000000100111111
000000111110101
000000110110001
000000101111011
000000101101001
000000101100011
000000111111001
000000110110001
000000110001101
000000110100011
000000101001101
000000000011001
000000111010111
000000110101001
000000111001111
000000101111011
000000100101101
000000110011111
000000111011101
000000101110001
000000100011101
000000101110111
000000111110011
000000101101001
000000110111101
000000111100111
000000100101011
000000111010111
000000000010011
000000101100101
000000110001011
000000101100011
000000100011011
000000100111111
000000110001101
000000100101101
000000110111101
000000100011011
000000101011111
000000111111001
000000101011111
000000111000011
000000100111001
000000110101001
000000101100101
000000000011111
000000110000111
000000110110001
000000111111001
000000101001101
000000111001111
000000111011101
000000111110011
000000100101011
000000110001011
000000110001101
000000101011111
000000100111001
000000110000111
000000111001111
000000110001011
000000110000111
000000000000111
000000110100011
000000111000011
000000111110101
000000110100011
000000110011111
000000111100111
000000100111111
000000111000011
000000101001101
000000100111001
000000111110101
000000111110101
000000101111011
000000101100011
000000110110001
000000110100011
000000000011001
000000110101001
000000101111011
000000110011111
000000101110001
000000101110111
000000101101001
000000111100111
000000111010111
000000101100101
000000101100011
000000100111111
000000100101101
000000100011011
000000111111001
000000111000011
000000110101001
000000000011111
000000110110001
000000101001101
000000111011101
000000100101011
000000110001101
000000100111001
000000111001111
000000110000111
000000110100011
000000111110101
000000110011111
000000100111111
000000101001101
000000111110101
000000101111011
000000110110001
000000000011001
000000101111011
000000101110001
000000101101001
000000111010111
000000101100011
000000100101101
000000111111001
000000110101001
000000110110001
000000111011101
000000110001101
000000111001111
000000110100011
000000110011111
000000101001101
000000101111011
000000000011001
000000101110001
000000111010111
000000100101101
000000110101001
000000111011101
000000111001111
000000110011111
000000101111011
000000101110001
000000100101101
000000111011101
000000110011111
000000101110001
000000111011101
000000101110001
000000101110001
