000001000010001
000001000010001
000001001011001
000001000010001
000001100110001
000001001011001
000001010011001
000001000010001
000001100010011
000001100110001
000001000101101
000001001011001
000001001110111
000001010011001
000001101100001
000001000010001
000001011011011
000001100010011
000001110000101
000001100110001
000001000010111
000001000101101
000001111101001
000001001011001
000001111100011
000001001110111
000001110001111
000001010011001
000001101101011
000001101100001
000001000011011
000001000010001
000001011011011
000001011011011
000001100000001
000001100010011
000001001101111
000001110000101
000001111001101
000001100110001
000001101110011
000001000010111
000001111001011
000001000101101
000001001111101
000001111101001
000001101011011
000001001011001
000001100000001
000001111100011
000001111010101
000001001110111
000001010010101
000001110001111
000001010111101
000001010011001
000001011110101
000001101101011
000001011001111
000001101100001
000001001011111
000001000011011
000001001100101
000001000010001
000001100010011
000001011011011
000001111100011
000001011011011
000001101110011
000001100000001
000001011110101
000001100010011
000000000001011
000001001101111
000001111111011
000001110000101
000001101001001
000001111001101
000001111000111
000001100110001
000001001101111
000001101110011
000001100010101
000001000010111
000001010110111
000001111001011
000001010100101
000001000101101
000001111111011
000001001111101
000001001001011
000001111101001
000001011111001
000001101011011
000001110111001
000001001011001
000001110000101
000001100000001
000001111010101
000001111100011
000001100010101
000001111010101
000001010101111
000001001110111
000001101001001
000001010010101
000001010100011
000001110001111
000001101111111
000001010111101
000001100011111
000001010011001
000001111001101
000001011110101
000001010101111
000001101101011
000001101001111
000001011001111
000001000000011
000001101100001
000001111000111
000001001011111
000001010000111
000001000011011
000001011010001
000001001100101
000001001101001
000001000010001
000001100110001
000001100010011
000001001110111
000001011011011
000001000010111
000001111100011
000001101101011
000001011011011
000001001101111
000001101110011
000001001111101
000001100000001
000001010010101
000001011110101
000001001011111
000001100010011
000001101110011
000000000001011
000001101001001
000001001101111
000001010110111
000001111111011
000001011111001
000001110000101
000001100010101
000001101001001
000001101111111
000001111001101
000001101001111
000001111000111
000001011010001
000001100110001
000001000010111
000001001101111
000001010010101
000001101110011
000001010110111
000001100010101
000001101001111
000001000010111
000001010110111
000001010110111
000001110110101
000001111001011
000001110110101
000001010100101
000001110100001
000001000101101
000001111001011
000001111111011
000001010100011
000001001111101
000001110110101
000001001001011
000001100111011
000001111101001
000001010100101
000001011111001
000001111011001
000001101011011
000001110100001
000001110111001
000001000110011
000001001011001
000001000101101
000001110000101
000001110001111
000001100000001
000001111001011
000001111010101
000001011001111
000001111100011
000001111111011
000001100010101
000001001001011
000001111010101
000001010100011
000001010101111
000001010000111
000001001110111
000001001111101
000001101001001
000001101111111
000001010010101
000001110110101
000001010100011
000001111011001
000001110001111
000001001001011
000001101111111
000000000001101
000001010111101
000001100111011
000001100011111
000001100100011
000001010011001
000001111101001
000001111001101
000001010111101
000001011110101
000001010100101
000001010101111
000001000000011
000001101101011
000001011111001
000001101001111
000001100111011
000001011001111
000001111011001
000001000000011
000001101101101
000001101100001
000001101011011
000001111000111
000001100011111
000001001011111
000001110100001
000001010000111
000001101101101
000001000011011
000001110111001
000001011010001
000001100100011
000001001100101
000001000110011
000001001101001
000001000100001
000001000010001
000001001011001
000001100110001
000001010011001
000001100010011
000001000101101
000001001110111
000001101100001
000001011011011
000001110000101
000001000010111
000001111101001
000001111100011
000001110001111
000001101101011
000001000011011
000001011011011
000001100000001
000001001101111
000001111001101
000001101110011
000001111001011
000001001111101
000001101011011
000001100000001
000001111010101
000001010010101
000001010111101
000001011110101
000001011001111
000001001011111
000001001100101
000001100010011
000001111100011
000001101110011
000001011110101
000000000001011
000001111111011
000001101001001
000001111000111
000001001101111
000001100010101
000001010110111
000001010100101
000001111111011
000001001001011
000001011111001
000001110111001
000001110000101
000001111010101
000001100010101
000001010101111
000001101001001
000001010100011
000001101111111
000001100011111
000001111001101
000001010101111
000001101001111
000001000000011
000001111000111
000001010000111
000001011010001
000001001101001
000001100110001
000001001110111
000001000010111
000001101101011
000001001101111
000001001111101
000001010010101
000001001011111
000001101110011
000001101001001
000001010110111
000001011111001
000001100010101
000001101111111
000001101001111
000001011010001
000001000010111
000001010010101
000001010110111
000001101001111
000001010110111
000001110110101
000001110110101
000001110100001
000001111001011
000001010100011
000001110110101
000001100111011
000001010100101
000001111011001
000001110100001
000001000110011
000001000101101
000001110001111
000001111001011
000001011001111
000001111111011
000001001001011
000001010100011
000001010000111
000001001111101
000001101111111
000001110110101
000001111011001
000001001001011
000000000001101
000001100111011
000001100100011
000001111101001
000001010111101
000001010100101
000001000000011
000001011111001
000001100111011
000001111011001
000001101101101
000001101011011
000001100011111
000001110100001
000001101101101
000001110111001
000001100100011
000001000110011
000001000100001
000001001011001
000001010011001
000001000101101
000001101100001
000001110000101
000001111101001
000001110001111
000001000011011
000001100000001
000001111001101
000001111001011
000001101011011
000001111010101
000001010111101
000001011001111
000001001100101
000001111100011
000001011110101
000001111111011
000001111000111
000001100010101
000001010100101
000001001001011
000001110111001
000001111010101
000001010101111
000001010100011
000001100011111
000001010101111
000001000000011
000001010000111
000001001101001
000001001110111
000001101101011
000001001111101
000001001011111
000001101001001
000001011111001
000001101111111
000001011010001
000001010010101
000001101001111
000001110110101
000001110100001
000001010100011
000001100111011
000001111011001
000001000110011
000001110001111
000001011001111
000001001001011
000001010000111
000001101111111
000001111011001
000000000001101
000001100100011
000001010111101
000001000000011
000001100111011
000001101101101
000001100011111
000001101101101
000001100100011
000001000100001
000001010011001
000001101100001
000001111101001
000001000011011
000001111001101
000001101011011
000001010111101
000001001100101
000001011110101
000001111000111
000001010100101
000001110111001
000001010101111
000001100011111
000001000000011
000001001101001
000001101101011
000001001011111
000001011111001
000001011010001
000001101001111
000001110100001
000001100111011
000001000110011
000001011001111
000001010000111
000001111011001
000001100100011
000001000000011
000001101101101
000001101101101
000001000100001
000001101100001
000001000011011
000001101011011
000001001100101
000001111000111
000001110111001
000001100011111
000001001101001
000001001011111
000001011010001
000001110100001
000001000110011
000001010000111
000001100100011
000001101101101
000001000100001
000001000011011
000001001100101
000001110111001
000001001101001
000001011010001
000001000110011
000001100100011
000001000100001
000001001100101
000001001101001
000001000110011
000001000100001
000001001101001
000001000100001
000001000100001
