000100000000101
000100000000101
000100100100101
000100000000101
000100010001101
000100100100101
000100000101101
000100000000101
000110000001101
000100010001101
000111100001011
000100100100101
000100001100011
000100000101101
000100101110011
000100000000101
000100000101011
000110000001101
000101000010011
000100010001101
000101110010011
000111100001011
000100111101111
000100100100101
000100101111111
000100001100011
000110010011011
000100000101101
000110110111011
000100101110011
000111010011111
000100000000101
000111011011101
000100000101011
000100101000101
000110000001101
000101011011111
000101000010011
000101010110011
000100010001101
000101011110001
000101110010011
000101001111001
000111100001011
000110110011111
000100111101111
000111001111011
000100100100101
000101111001001
000100101111111
000101010010001
000100001100011
000110011000111
000110010011011
000110010001001
000100000101101
000101111100111
000110110111011
000100101011011
000100101110011
000100011100001
000111010011111
000111110010111
000100000000101
000111011011101
000111011011101
000110111001001
000100000101011
000110111111111
000100101000101
000111111001101
000110000001101
000110011100011
000101011011111
000110010010111
000101000010011
000110010110011
000101010110011
000101010011101
000100010001101
000111100011001
000101011110001
000110100101101
000101110010011
000101010100111
000101001111001
000101010110101
000111100001011
000101011100011
000110110011111
000100111110111
000100111101111
000101110000111
000111001111011
000100001110001
000100100100101
000110111001001
000101111001001
000100110000011
000100101111111
000110101110001
000101010010001
000111001000111
000100001100011
000111000100001
000110011000111
000100010101001
000110010011011
000101110111101
000110010001001
000100001111011
000100000101101
000100111000111
000101111100111
000111011001001
000110110111011
000101100110011
000100101011011
000101111101101
000100101110011
000110111100001
000100011100001
000101110010101
000111010011111
000110111100111
000111110010111
000110011101001
000100000000101
000100000101011
000111011011101
000101111001001
000111011011101
000111100011001
000110111001001
000100111000111
000100000101011
000110110111101
000110111111111
000111110101101
000100101000101
000101101011001
000111111001101
000101101111101
000110000001101
000110110111101
000110011100011
000111010100011
000101011011111
000111110010001
000110010010111
000111001110001
000101000010011
000100111011001
000110010110011
000100100101001
000101010110011
000110101101111
000101010011101
000110110101001
000100010001101
000110111111111
000111100011001
000111111100101
000101011110001
000111011001111
000110100101101
000101010000101
000101110010011
000100101110101
000101010100111
000110111110101
000101001111001
000111101011101
000101010110101
000110011001101
000111100001011
000111110101101
000101011100011
000100110101011
000110110011111
000101100001001
000100111110111
000101101100101
000100111101111
000111101110101
000101110000111
000111101101011
000111001111011
000111000011101
000100001110001
000110111011011
000100100100101
000100101000101
000110111001001
000100110000011
000101111001001
000111111100101
000100110000011
000110101100011
000100101111111
000101110001011
000110101110001
000110000001011
000101010010001
000111110100111
000111001000111
000100100110111
000100001100011
000101101011001
000111000100001
000110101000111
000110011000111
000110000011111
000100010101001
000111011110011
000110010011011
000111010000001
000101110111101
000111010111011
000110010001001
000101011101111
000100001111011
000111001111101
000100000101101
000111111001101
000100111000111
000110101100011
000101111100111
000110011110111
000111011001001
000110001101011
000110110111011
000101001101101
000101100110011
000101000010101
000100101011011
000100011100111
000101111101101
000111000111001
000100101110011
000101101111101
000110111100001
000111000100111
000100011100001
000101011010101
000101110010101
000101100111111
000111010011111
000100100010011
000110111100111
000110011010101
000111110010111
000111101111001
000110011101001
000101101000001
000100000000101
000110000001101
000100000101011
000100101111111
000111011011101
000101011110001
000101111001001
000101111100111
000111011011101
000110011100011
000111100011001
000101011100011
000110111001001
000111000100001
000100111000111
000110111100001
000100000101011
000110110111101
000110110111101
000100111011001
000110111111111
000100101110101
000111110101101
000111101110101
000100101000101
000101110001011
000101101011001
000111010000001
000111111001101
000101001101101
000101101111101
000100100010011
000110000001101
000110011100011
000110110111101
000101110001011
000110011100011
000111111010011
000111010100011
000110111010111
000101011011111
000111111010011
000111110010001
000100011000011
000110010010111
000101000000111
000111001110001
000101111011101
000101000010011
000111010100011
000100111011001
000111101101101
000110010110011
000100010110001
000100100101001
000100000010111
000101010110011
000110111010111
000110101101111
000100101001001
000101010011101
000111011111001
000110110101001
000110110010011
000100010001101
000101011011111
000110111111111
000110101110001
000111100011001
000111011001111
000111111100101
000110011110111
000101011110001
000111111010011
000111011001111
000110100100111
000110100101101
000101001100001
000101010000101
000100101010001
000101110010011
000111110010001
000100101110101
000111100110001
000101010100111
000101010101011
000110111110101
000111110000011
000101001111001
000100011000011
000111101011101
000100011010001
000101010110101
000100100001101
000110011001101
000111000110011
000111100001011
000110010010111
000111110101101
000110000001011
000101011100011
000110100100111
000100110101011
000111000101011
000110110011111
000101000000111
000101100001001
000100001100101
000100111110111
000111000000101
000101101100101
000100001000111
000100111101111
000111001110001
000111101110101
000111001011111
000101110000111
000101110101111
000111101101011
000100110101101
000111001111011
000101111011101
000111000011101
000110011010011
000100001110001
000111110011011
000110111011011
000110001100001
000100100100101
000101000010011
000100101000101
000101010010001
000110111001001
000110100101101
000100110000011
000111011001001
000101111001001
000111010100011
000111111100101
000100110101011
000100110000011
000110101000111
000110101100011
000111000100111
000100101111111
000100111011001
000101110001011
000111101101101
000110101110001
000111100110001
000110000001011
000111001011111
000101010010001
000111101101101
000111110100111
000101101101111
000111001000111
000110101011001
000100100110111
000100010010101
000100001100011
000110010110011
000101101011001
000111110100111
000111000100001
000101001100001
000110101000111
000110100000011
000110011000111
000100010110001
000110000011111
000100011001111
000100010101001
000111001001011
000111011110011
000100011101011
000110010011011
000100100101001
000111010000001
000101101101111
000101110111101
000110000110001
000111010111011
000110100011101
000110010001001
000100000010111
000101011101111
000100110111001
000100001111011
000110001110101
000111001111101
000111111101001
000100000101101
000101010110011
000111111001101
000111001000111
000100111000111
000101010000101
000110101100011
000110001101011
000101111100111
000110111010111
000110011110111
000111000101011
000111011001001
000110100000011
000110001101011
000110000011001
000110110111011
000110101101111
000101001101101
000110101011001
000101100110011
000101011111011
000101000010101
000101001111111
000100101011011
000100101001001
000100011100111
000110001010111
000101111101101
000101101011111
000111000111001
000100100111101
000100101110011
000101010011101
000101101111101
000100100110111
000110111100001
000100101010001
000111000100111
000110000011001
000100011100001
000111011111001
000101011010101
000101101001011
000101110010101
000111010010011
000101100111111
000100100111011
000111010011111
000110110101001
000100100010011
000100010010101
000110111100111
000100111100101
000110011010101
000101000101001
000111110010111
000110110010011
000111101111001
000110010000101
000110011101001
000110100001111
000101101000001
000101001001001
000100000000101
000100010001101
000110000001101
000100001100011
000100000101011
000101110010011
000100101111111
000110110111011
000111011011101
000101011011111
000101011110001
000110110011111
000101111001001
000110011000111
000101111100111
000100011100001
000111011011101
000110111111111
000110011100011
000110010110011
000111100011001
000101010100111
000101011100011
000101110000111
000110111001001
000110101110001
000111000100001
000101110111101
000100111000111
000101100110011
000110111100001
000110111100111
000100000101011
000111100011001
000110110111101
000101101011001
000110110111101
000111110010001
000100111011001
000110101101111
000110111111111
000111011001111
000100101110101
000111101011101
000111110101101
000101100001001
000111101110101
000111000011101
000100101000101
000111111100101
000101110001011
000111110100111
000101101011001
000110000011111
000111010000001
000101011101111
000111111001101
000110011110111
000101001101101
000100011100111
000101101111101
000101011010101
000100100010011
000111101111001
000110000001101
000101011110001
000110011100011
000111000100001
000110110111101
000100101110101
000101110001011
000101001101101
000110011100011
000111111010011
000111111010011
000101000000111
000111010100011
000100010110001
000110111010111
000111011111001
000101011011111
000111011001111
000111111010011
000101001100001
000111110010001
000101010101011
000100011000011
000100100001101
000110010010111
000110100100111
000101000000111
000111000000101
000111001110001
000101110101111
000101111011101
000111110011011
000101000010011
000110100101101
000111010100011
000110101000111
000100111011001
000111100110001
000111101101101
000110101011001
000110010110011
000101001100001
000100010110001
000111001001011
000100100101001
000110000110001
000100000010111
000110001110101
000101010110011
000101010000101
000110111010111
000110100000011
000110101101111
000101011111011
000100101001001
000101101011111
000101010011101
000100101010001
000111011111001
000111010010011
000110110101001
000100111100101
000110110010011
000110100001111
000100010001101
000101110010011
000101011011111
000110011000111
000110111111111
000101010100111
000110101110001
000101100110011
000111100011001
000111110010001
000111011001111
000101100001001
000111111100101
000110000011111
000110011110111
000101011010101
000101011110001
000100101110101
000111111010011
000100010110001
000111011001111
000101010101011
000110100100111
000101110101111
000110100101101
000111100110001
000101001100001
000110000110001
000101010000101
000101011111011
000100101010001
000100111100101
000101110010011
000101010100111
000111110010001
000110000011111
000100101110101
000101010101011
000111100110001
000101011111011
000101010100111
000101010101011
000101010101011
000110101010101
000110111110101
000110101010101
000111110000011
000111001010101
000101001111001
000110111110101
000100011000011
000100011001111
000111101011101
000110101010101
000100011010001
000101011101001
000101010110101
000111110000011
000100100001101
000100010011111
000110011001101
000111001010101
000111000110011
000110010011101
000111100001011
000101001111001
000110010010111
000100010101001
000111110101101
000110111110101
000110000001011
000101000010101
000101011100011
000100011000011
000110100100111
000100001100101
000100110101011
000100011001111
000111000101011
000101101001011
000110110011111
000111101011101
000101000000111
000111001001011
000101100001001
000110101010101
000100001100101
000111100110111
000100111110111
000100011010001
000111000000101
000110010111111
000101101100101
000101011101001
000100001000111
000100011110101
000100111101111
000101010110101
000111001110001
000111011110011
000111101110101
000111110000011
000111001011111
000101001111111
000101110000111
000100100001101
000101110101111
000111100110111
000111101101011
000100010011111
000100110101101
000100110001111
000111001111011
000110011001101
000101111011101
000100011101011
000111000011101
000111001010101
000110011010011
000111111111011
000100001110001
000111000110011
000111110011011
000111110110101
000110111011011
000110010011101
000110001100001
000101100010001
000100100100101
000111100001011
000101000010011
000110010011011
000100101000101
000101001111001
000101010010001
000100101011011
000110111001001
000110010010111
000110100101101
000100111110111
000100110000011
000100010101001
000111011001001
000101110010101
000101111001001
000111110101101
000111010100011
000100100101001
000111111100101
000110111110101
000100110101011
000111101101011
000100110000011
000110000001011
000110101000111
000111010111011
000110101100011
000101000010101
000111000100111
000110011010101
000100101111111
000101011100011
000100111011001
000111010000001
000101110001011
000100011000011
000111101101101
000100101001001
000110101110001
000110100100111
000111100110001
000100011010001
000110000001011
000100001100101
000111001011111
000110011010011
000101010010001
000100110101011
000111101101101
000101101101111
000111110100111
000100011001111
000101101101111
000100110111001
000111001000111
000111000101011
000110101011001
000110001010111
000100100110111
000101101001011
000100010010101
000110010000101
000100001100011
000110110011111
000110010110011
000101110111101
000101101011001
000111101011101
000111110100111
000100011100111
000111000100001
000101000000111
000101001100001
000111000000101
000110101000111
000111001001011
000110100000011
000111010010011
000110011000111
000101100001001
000100010110001
000110000110001
000110000011111
000110101010101
000100011001111
000100010011111
000100010101001
000100001100101
000111001001011
000110010111111
000111011110011
000111100110111
000100011101011
000111110110101
000110010011011
000100111110111
000100100101001
000111010111011
000111010000001
000100011010001
000101101101111
000110001010111
000101110111101
000111000000101
000110000110001
000110010111111
000111010111011
000110010111111
000110100011101
000110001110011
000110010001001
000101101100101
000100000010111
000110100011101
000101011101111
000101011101001
000100110111001
000101111011011
000100001111011
000100001000111
000110001110101
000110001110011
000111001111101
000100011110101
000111111101001
000101100000011
000100000101101
000100111101111
000101010110011
000110010001001
000111111001101
000101010110101
000111001000111
000101111101101
000100111000111
000111001110001
000101010000101
000101101100101
000110101100011
000111011110011
000110001101011
000101100111111
000101111100111
000111101110101
000110111010111
000100000010111
000110011110111
000111110000011
000111000101011
000100110101101
000111011001001
000111001011111
000110100000011
000110100011101
000110001101011
000101001111111
000110000011001
000101000101001
000110110111011
000101110000111
000110101101111
000101011101111
000101001101101
000100100001101
000110101011001
000101101011111
000101100110011
000101110101111
000101011111011
000101011101001
000101000010101
000111100110111
000101001111111
000111111111011
000100101011011
000111101101011
000100101001001
000100110111001
000100011100111
000100010011111
000110001010111
000101111011011
000101111101101
000100110101101
000101101011111
000101111011011
000111000111001
000100110001111
000100100111101
000110101000001
000100101110011
000111001111011
000101010011101
000100001111011
000101101111101
000110011001101
000100100110111
000111000111001
000110111100001
000101111011101
000100101010001
000100001000111
000111000100111
000100011101011
000110000011001
000100100111011
000100011100001
000111000011101
000111011111001
000110001110101
000101011010101
000111001010101
000101101001011
000100110001111
000101110010101
000110011010011
000111010010011
000110001110011
000101100111111
000111111111011
000100100111011
000101110110111
000111010011111
000100001110001
000110110101001
000111001111101
000100100010011
000111000110011
000100010010101
000100100111101
000110111100111
000111110011011
000100111100101
000100011110101
000110011010101
000111110110101
000101000101001
000101110110111
000111110010111
000110111011011
000110110010011
000111111101001
000111101111001
000110010011101
000110010000101
000110101000001
000110011101001
000110001100001
000110100001111
000101100000011
000101101000001
000101100010001
000101001001001
000101000000001
000100000000101
000100100100101
000100010001101
000100000101101
000110000001101
000111100001011
000100001100011
000100101110011
000100000101011
000101000010011
000101110010011
000100111101111
000100101111111
000110010011011
000110110111011
000111010011111
000111011011101
000100101000101
000101011011111
000101010110011
000101011110001
000101001111001
000110110011111
000111001111011
000101111001001
000101010010001
000110011000111
000110010001001
000101111100111
000100101011011
000100011100001
000111110010111
000111011011101
000110111001001
000110111111111
000111111001101
000110011100011
000110010010111
000110010110011
000101010011101
000111100011001
000110100101101
000101010100111
000101010110101
000101011100011
000100111110111
000101110000111
000100001110001
000110111001001
000100110000011
000110101110001
000111001000111
000111000100001
000100010101001
000101110111101
000100001111011
000100111000111
000111011001001
000101100110011
000101111101101
000110111100001
000101110010101
000110111100111
000110011101001
000100000101011
000101111001001
000111100011001
000100111000111
000110110111101
000111110101101
000101101011001
000101101111101
000110110111101
000111010100011
000111110010001
000111001110001
000100111011001
000100100101001
000110101101111
000110110101001
000110111111111
000111111100101
000111011001111
000101010000101
000100101110101
000110111110101
000111101011101
000110011001101
000111110101101
000100110101011
000101100001001
000101101100101
000111101110101
000111101101011
000111000011101
000110111011011
000100101000101
000100110000011
000111111100101
000110101100011
000101110001011
000110000001011
000111110100111
000100100110111
000101101011001
000110101000111
000110000011111
000111011110011
000111010000001
000111010111011
000101011101111
000111001111101
000111111001101
000110101100011
000110011110111
000110001101011
000101001101101
000101000010101
000100011100111
000111000111001
000101101111101
000111000100111
000101011010101
000101100111111
000100100010011
000110011010101
000111101111001
000101101000001
000110000001101
000100101111111
000101011110001
000101111100111
000110011100011
000101011100011
000111000100001
000110111100001
000110110111101
000100111011001
000100101110101
000111101110101
000101110001011
000111010000001
000101001101101
000100100010011
000110011100011
000101110001011
000111111010011
000110111010111
000111111010011
000100011000011
000101000000111
000101111011101
000111010100011
000111101101101
000100010110001
000100000010111
000110111010111
000100101001001
000111011111001
000110110010011
000101011011111
000110101110001
000111011001111
000110011110111
000111111010011
000110100100111
000101001100001
000100101010001
000111110010001
000111100110001
000101010101011
000111110000011
000100011000011
000100011010001
000100100001101
000111000110011
000110010010111
000110000001011
000110100100111
000111000101011
000101000000111
000100001100101
000111000000101
000100001000111
000111001110001
000111001011111
000101110101111
000100110101101
000101111011101
000110011010011
000111110011011
000110001100001
000101000010011
000101010010001
000110100101101
000111011001001
000111010100011
000100110101011
000110101000111
000111000100111
000100111011001
000111101101101
000111100110001
000111001011111
000111101101101
000101101101111
000110101011001
000100010010101
000110010110011
000111110100111
000101001100001
000110100000011
000100010110001
000100011001111
000111001001011
000100011101011
000100100101001
000101101101111
000110000110001
000110100011101
000100000010111
000100110111001
000110001110101
000111111101001
000101010110011
000111001000111
000101010000101
000110001101011
000110111010111
000111000101011
000110100000011
000110000011001
000110101101111
000110101011001
000101011111011
000101001111111
000100101001001
000110001010111
000101101011111
000100100111101
000101010011101
000100100110111
000100101010001
000110000011001
000111011111001
000101101001011
000111010010011
000100100111011
000110110101001
000100010010101
000100111100101
000101000101001
000110110010011
000110010000101
000110100001111
000101001001001
000100010001101
000100001100011
000101110010011
000110110111011
000101011011111
000110110011111
000110011000111
000100011100001
000110111111111
000110010110011
000101010100111
000101110000111
000110101110001
000101110111101
000101100110011
000110111100111
000111100011001
000101101011001
000111110010001
000110101101111
000111011001111
000111101011101
000101100001001
000111000011101
000111111100101
000111110100111
000110000011111
000101011101111
000110011110111
000100011100111
000101011010101
000111101111001
000101011110001
000111000100001
000100101110101
000101001101101
000111111010011
000101000000111
000100010110001
000111011111001
000111011001111
000101001100001
000101010101011
000100100001101
000110100100111
000111000000101
000101110101111
000111110011011
000110100101101
000110101000111
000111100110001
000110101011001
000101001100001
000111001001011
000110000110001
000110001110101
000101010000101
000110100000011
000101011111011
000101101011111
000100101010001
000111010010011
000100111100101
000110100001111
000101110010011
000110011000111
000101010100111
000101100110011
000111110010001
000101100001001
000110000011111
000101011010101
000100101110101
000100010110001
000101010101011
000101110101111
000111100110001
000110000110001
000101011111011
000100111100101
000101010100111
000110000011111
000101010101011
000101011111011
000101010101011
000110101010101
000110101010101
000111001010101
000110111110101
000100011001111
000110101010101
000101011101001
000111110000011
000100010011111
000111001010101
000110010011101
000101001111001
000100010101001
000110111110101
000101000010101
000100011000011
000100001100101
000100011001111
000101101001011
000111101011101
000111001001011
000110101010101
000111100110111
000100011010001
000110010111111
000101011101001
000100011110101
000101010110101
000111011110011
000111110000011
000101001111111
000100100001101
000111100110111
000100010011111
000100110001111
000110011001101
000100011101011
000111001010101
000111111111011
000111000110011
000111110110101
000110010011101
000101100010001
000111100001011
000110010011011
000101001111001
000100101011011
000110010010111
000100111110111
000100010101001
000101110010101
000111110101101
000100100101001
000110111110101
000111101101011
000110000001011
000111010111011
000101000010101
000110011010101
000101011100011
000111010000001
000100011000011
000100101001001
000110100100111
000100011010001
000100001100101
000110011010011
000100110101011
000101101101111
000100011001111
000100110111001
000111000101011
000110001010111
000101101001011
000110010000101
000110110011111
000101110111101
000111101011101
000100011100111
000101000000111
000111000000101
000111001001011
000111010010011
000101100001001
000110000110001
000110101010101
000100010011111
000100001100101
000110010111111
000111100110111
000111110110101
000100111110111
000111010111011
000100011010001
000110001010111
000111000000101
000110010111111
000110010111111
000110001110011
000101101100101
000110100011101
000101011101001
000101111011011
000100001000111
000110001110011
000100011110101
000101100000011
000100111101111
000110010001001
000101010110101
000101111101101
000111001110001
000101101100101
000111011110011
000101100111111
000111101110101
000100000010111
000111110000011
000100110101101
000111001011111
000110100011101
000101001111111
000101000101001
000101110000111
000101011101111
000100100001101
000101101011111
000101110101111
000101011101001
000111100110111
000111111111011
000111101101011
000100110111001
000100010011111
000101111011011
000100110101101
000101111011011
000100110001111
000110101000001
000111001111011
000100001111011
000110011001101
000111000111001
000101111011101
000100001000111
000100011101011
000100100111011
000111000011101
000110001110101
000111001010101
000100110001111
000110011010011
000110001110011
000111111111011
000101110110111
000100001110001
000111001111101
000111000110011
000100100111101
000111110011011
000100011110101
000111110110101
000101110110111
000110111011011
000111111101001
000110010011101
000110101000001
000110001100001
000101100000011
000101100010001
000101000000001
000100100100101
000100000101101
000111100001011
000100101110011
000101000010011
000100111101111
000110010011011
000111010011111
000100101000101
000101010110011
000101001111001
000111001111011
000101010010001
000110010001001
000100101011011
000111110010111
000110111001001
000111111001101
000110010010111
000101010011101
000110100101101
000101010110101
000100111110111
000100001110001
000100110000011
000111001000111
000100010101001
000100001111011
000111011001001
000101111101101
000101110010101
000110011101001
000101111001001
000100111000111
000111110101101
000101101111101
000111010100011
000111001110001
000100100101001
000110110101001
000111111100101
000101010000101
000110111110101
000110011001101
000100110101011
000101101100101
000111101101011
000110111011011
000100110000011
000110101100011
000110000001011
000100100110111
000110101000111
000111011110011
000111010111011
000111001111101
000110101100011
000110001101011
000101000010101
000111000111001
000111000100111
000101100111111
000110011010101
000101101000001
000100101111111
000101111100111
000101011100011
000110111100001
000100111011001
000111101110101
000111010000001
000100100010011
000101110001011
000110111010111
000100011000011
000101111011101
000111101101101
000100000010111
000100101001001
000110110010011
000110101110001
000110011110111
000110100100111
000100101010001
000111100110001
000111110000011
000100011010001
000111000110011
000110000001011
000111000101011
000100001100101
000100001000111
000111001011111
000100110101101
000110011010011
000110001100001
000101010010001
000111011001001
000100110101011
000111000100111
000111101101101
000111001011111
000101101101111
000100010010101
000111110100111
000110100000011
000100011001111
000100011101011
000101101101111
000110100011101
000100110111001
000111111101001
000111001000111
000110001101011
000111000101011
000110000011001
000110101011001
000101001111111
000110001010111
000100100111101
000100100110111
000110000011001
000101101001011
000100100111011
000100010010101
000101000101001
000110010000101
000101001001001
000100001100011
000110110111011
000110110011111
000100011100001
000110010110011
000101110000111
000101110111101
000110111100111
000101101011001
000110101101111
000111101011101
000111000011101
000111110100111
000101011101111
000100011100111
000111101111001
000111000100001
000101001101101
000101000000111
000111011111001
000101001100001
000100100001101
000111000000101
000111110011011
000110101000111
000110101011001
000111001001011
000110001110101
000110100000011
000101101011111
000111010010011
000110100001111
000110011000111
000101100110011
000101100001001
000101011010101
000100010110001
000101110101111
000110000110001
000100111100101
000110000011111
000101011111011
000110101010101
000111001010101
000100011001111
000101011101001
000100010011111
000110010011101
000100010101001
000101000010101
000100001100101
000101101001011
000111001001011
000111100110111
000110010111111
000100011110101
000111011110011
000101001111111
000111100110111
000100110001111
000100011101011
000111111111011
000111110110101
000101100010001
000110010011011
000100101011011
000100111110111
000101110010101
000100100101001
000111101101011
000111010111011
000110011010101
000111010000001
000100101001001
000100011010001
000110011010011
000101101101111
000100110111001
000110001010111
000110010000101
000101110111101
000100011100111
000111000000101
000111010010011
000110000110001
000100010011111
000110010111111
000111110110101
000111010111011
000110001010111
000110010111111
000110001110011
000110100011101
000101111011011
000110001110011
000101100000011
000110010001001
000101111101101
000101101100101
000101100111111
000100000010111
000100110101101
000110100011101
000101000101001
000101011101111
000101101011111
000101011101001
000111111111011
000100110111001
000101111011011
000101111011011
000110101000001
000100001111011
000111000111001
000100001000111
000100100111011
000110001110101
000100110001111
000110001110011
000101110110111
000111001111101
000100100111101
000100011110101
000101110110111
000111111101001
000110101000001
000101100000011
000101000000001
000100000101101
000100101110011
000100111101111
000111010011111
000101010110011
000111001111011
000110010001001
000111110010111
000111111001101
000101010011101
000101010110101
000100001110001
000111001000111
000100001111011
000101111101101
000110011101001
000100111000111
000101101111101
000111001110001
000110110101001
000101010000101
000110011001101
000101101100101
000110111011011
000110101100011
000100100110111
000111011110011
000111001111101
000110001101011
000111000111001
000101100111111
000101101000001
000101111100111
000110111100001
000111101110101
000100100010011
000110111010111
000101111011101
000100000010111
000110110010011
000110011110111
000100101010001
000111110000011
000111000110011
000111000101011
000100001000111
000100110101101
000110001100001
000111011001001
000111000100111
000111001011111
000100010010101
000110100000011
000100011101011
000110100011101
000111111101001
000110001101011
000110000011001
000101001111111
000100100111101
000110000011001
000100100111011
000101000101001
000101001001001
000110110111011
000100011100001
000101110000111
000110111100111
000110101101111
000111000011101
000101011101111
000111101111001
000101001101101
000111011111001
000100100001101
000111110011011
000110101011001
000110001110101
000101101011111
000110100001111
000101100110011
000101011010101
000101110101111
000100111100101
000101011111011
000111001010101
000101011101001
000110010011101
000101000010101
000101101001011
000111100110111
000100011110101
000101001111111
000100110001111
000111111111011
000101100010001
000100101011011
000101110010101
000111101101011
000110011010101
000100101001001
000110011010011
000100110111001
000110010000101
000100011100111
000111010010011
000100010011111
000111110110101
000110001010111
000110001110011
000101111011011
000101100000011
000101111101101
000101100111111
000100110101101
000101000101001
000101101011111
000111111111011
000101111011011
000110101000001
000111000111001
000100100111011
000100110001111
000101110110111
000100100111101
000101110110111
000110101000001
000101000000001
000100101110011
000111010011111
000111001111011
000111110010111
000101010011101
000100001110001
000100001111011
000110011101001
000101101111101
000110110101001
000110011001101
000110111011011
000100100110111
000111001111101
000111000111001
000101101000001
000110111100001
000100100010011
000101111011101
000110110010011
000100101010001
000111000110011
000100001000111
000110001100001
000111000100111
000100010010101
000100011101011
000111111101001
000110000011001
000100100111101
000100100111011
000101001001001
000100011100001
000110111100111
000111000011101
000111101111001
000111011111001
000111110011011
000110001110101
000110100001111
000101011010101
000100111100101
000111001010101
000110010011101
000101101001011
000100011110101
000100110001111
000101100010001
000101110010101
000110011010101
000110011010011
000110010000101
000111010010011
000111110110101
000110001110011
000101100000011
000101100111111
000101000101001
000111111111011
000110101000001
000100100111011
000101110110111
000101110110111
000101000000001
000111010011111
000111110010111
000100001110001
000110011101001
000110110101001
000110111011011
000111001111101
000101101000001
000100100010011
000110110010011
000111000110011
000110001100001
000100010010101
000111111101001
000100100111101
000101001001001
000110111100111
000111101111001
000111110011011
000110100001111
000100111100101
000110010011101
000100011110101
000101100010001
000110011010101
000110010000101
000111110110101
000101100000011
000101000101001
000110101000001
000101110110111
000101000000001
000111110010111
000110011101001
000110111011011
000101101000001
000110110010011
000110001100001
000111111101001
000101001001001
000111101111001
000110100001111
000110010011101
000101100010001
000110010000101
000101100000011
000110101000001
000101000000001
000110011101001
000101101000001
000110001100001
000101001001001
000110100001111
000101100010001
000101100000011
000101000000001
000101101000001
000101001001001
000101100010001
000101000000001
000101001001001
000101000000001
000101000000001
