000010000001001
000010000001001
000010000001111
000010000001001
000010100001101
000010000001111
000011111111001
000010000001001
000010010101111
000010100001101
000010000110101
000010000001111
000010001101111
000011111111001
000010110101011
000010000001001
000011101001101
000010010101111
000010111111011
000010100001101
000011111101011
000010000110101
000010000011011
000010000001111
000010100100011
000010001101111
000011101111011
000011111111001
000010100110001
000010110101011
000011000100011
000010000001001
000000000111101
000011101001101
000011000010011
000010010101111
000011101100011
000010111111011
000010001000111
000010100001101
000010111100101
000011111101011
000010100011001
000010000110101
000011000110001
000010000011011
000011001111111
000010000001111
000011101010101
000010100100011
000010101100111
000010001101111
000010110001111
000011101111011
000011100101011
000011111111001
000011001010001
000010100110001
000011100111001
000010110101011
000011111110011
000011000100011
000011010101101
000010000001001
000011101001101
000000000111101
000011101010101
000011101001101
000010111000001
000011000010011
000011011010011
000010010101111
000011101000111
000011101100011
000010100011111
000010111111011
000010100001011
000010001000111
000010011100111
000010100001101
000010111000001
000010111100101
000011110010011
000011111101011
000010111000111
000010100011001
000010011001001
000010000110101
000010011010111
000011000110001
000011010110101
000010000011011
000011111111111
000011001111111
000010001100101
000010000001111
000011000010011
000011101010101
000000000110111
000010100100011
000010000101101
000010101100111
000011101111101
000010001101111
000011110000111
000010110001111
000011001111001
000011101111011
000010000100111
000011100101011
000010001010011
000011111111001
000011011010011
000011001010001
000010111110111
000010100110001
000010010011001
000011100111001
000011001011011
000010110101011
000011010100111
000011111110011
000011100010001
000011000100011
000011011000001
000011010101101
000010011111111
000010000001001
000010010101111
000011101001101
000010100100011
000000000111101
000010111100101
000011101010101
000011001010001
000011101001101
000011101000111
000010111000001
000010011010111
000011000010011
000011110000111
000011011010011
000011010100111
000010010101111
000011101000111
000011101000111
000010011101101
000011101100011
000011000010101
000010100011111
000011100100001
000010111111011
000010011101101
000010100001011
000010010101001
000010001000111
000010101101011
000010011100111
000011011110111
000010100001101
000011101100011
000010111000001
000010000101101
000010111100101
000000000101001
000011110010011
000010011110011
000011111101011
000011000010101
000010111000111
000011011001101
000010100011001
000011011011111
000010011001001
000011110001101
000010000110101
000010100011111
000010011010111
000011010001001
000011000110001
000011111011011
000011010110101
000011100001111
000010000011011
000011100100001
000011111111111
000011010000101
000011001111111
000010001100011
000010001100101
000011110110001
000010000001111
000010111111011
000011000010011
000010101100111
000011101010101
000011110010011
000000000110111
000010111110111
000010100100011
000010011101101
000010000101101
000011010001001
000010101100111
000010010001011
000011101111101
000011100110101
000010001101111
000010100001011
000011110000111
000010010001011
000010110001111
000010110011011
000011001111001
000010110100001
000011101111011
000010010101001
000010000100111
000010110111001
000011100101011
000011101011001
000010001010011
000011000100101
000011111111001
000010001000111
000011011010011
000011101111101
000011001010001
000010011110011
000010111110111
000000000111011
000010100110001
000010101101011
000010010011001
000011001001111
000011100111001
000011111000101
000011001011011
000010101010111
000010110101011
000010011100111
000011010100111
000011100110101
000011111110011
000010011000101
000011100010001
000011001000011
000011000100011
000011011110111
000011011000001
000011011111101
000011010101101
000010101100001
000010011111111
000011110000001
000010000001001
000010100001101
000010010101111
000010001101111
000011101001101
000011111101011
000010100100011
000010100110001
000000000111101
000011101100011
000010111100101
000011000110001
000011101010101
000010110001111
000011001010001
000011111110011
000011101001101
000010111000001
000011101000111
000010100001011
000010111000001
000010111000111
000010011010111
000011111111111
000011000010011
000010000101101
000011110000111
000010000100111
000011011010011
000010010011001
000011010100111
000011011000001
000010010101111
000010111100101
000011101000111
000011110000111
000011101000111
000011000010101
000010011101101
000010101101011
000011101100011
000000000101001
000011000010101
000011011011111
000010100011111
000011111011011
000011100100001
000010001100011
000010111111011
000011110010011
000010011101101
000010010001011
000010100001011
000010110011011
000010010101001
000011101011001
000010001000111
000010011110011
000010101101011
000011111000101
000010011100111
000010011000101
000011011110111
000010101100001
000010100001101
000011111101011
000011101100011
000010110001111
000010111000001
000010111000111
000010000101101
000010010011001
000010111100101
000011000010101
000000000101001
000011111011011
000011110010011
000010110011011
000010011110011
000010011000101
000011111101011
000010111000111
000011000010101
000010110011011
000010111000111
000000000000111
000011011001101
000011100011101
000010100011001
000011011001101
000011011011111
000010101000011
000010011001001
000011100011101
000011110001101
000011010111111
000010000110101
000010100011001
000010100011111
000011001111001
000010011010111
000011011001101
000011010001001
000011001001111
000011000110001
000011011011111
000011111011011
000000000100101
000011010110101
000010101000011
000011100001111
000010100111101
000010000011011
000010011001001
000011100100001
000010110100001
000011111111111
000011100011101
000011010000101
000010000011101
000011001111111
000011110001101
000010001100011
000011000110111
000010001100101
000011010111111
000011110110001
000010110000101
000010000001111
000010000110101
000010111111011
000011101111011
000011000010011
000010100011001
000010101100111
000011100111001
000011101010101
000010100011111
000011110010011
000011010110101
000000000110111
000011001111001
000010111110111
000011100010001
000010100100011
000010011010111
000010011101101
000010010101001
000010000101101
000011011001101
000011010001001
000011010000101
000010101100111
000011010001001
000010010001011
000010110111001
000011101111101
000011001001111
000011100110101
000011011111101
000010001101111
000011000110001
000010100001011
000010000100111
000011110000111
000011011011111
000010010001011
000011111000101
000010110001111
000011111011011
000010110011011
000010101000011
000011001111001
000000000100101
000010110100001
000011000110111
000011101111011
000011010110101
000010010101001
000010110111001
000010000100111
000010101000011
000010110111001
000011100010111
000011100101011
000011100001111
000011101011001
000011100010111
000010001010011
000010100111101
000011000100101
000011110101001
000011111111001
000010000011011
000010001000111
000011100101011
000011011010011
000010011001001
000011101111101
000011001011011
000011001010001
000011100100001
000010011110011
000011100001111
000010111110111
000010110100001
000000000111011
000011001000011
000010100110001
000011111111111
000010101101011
000011101011001
000010010011001
000011100011101
000011001001111
000010000011101
000011100111001
000011010000101
000011111000101
000011100010111
000011001011011
000010000011101
000010101010111
000010110010111
000010110101011
000011001111111
000010011100111
000010001010011
000011010100111
000011110001101
000011100110101
000010101010111
000011111110011
000010001100011
000010011000101
000010100111101
000011100010001
000011000110111
000011001000011
000000000101111
000011000100011
000010001100101
000011011110111
000011000100101
000011011000001
000011010111111
000011011111101
000010110010111
000011010101101
000011110110001
000010101100001
000011110101001
000010011111111
000010110000101
000011110000001
000010010000001
000010000001001
000010000001111
000010100001101
000011111111001
000010010101111
000010000110101
000010001101111
000010110101011
000011101001101
000010111111011
000011111101011
000010000011011
000010100100011
000011101111011
000010100110001
000011000100011
000000000111101
000011000010011
000011101100011
000010001000111
000010111100101
000010100011001
000011000110001
000011001111111
000011101010101
000010101100111
000010110001111
000011100101011
000011001010001
000011100111001
000011111110011
000011010101101
000011101001101
000011101010101
000010111000001
000011011010011
000011101000111
000010100011111
000010100001011
000010011100111
000010111000001
000011110010011
000010111000111
000010011001001
000010011010111
000011010110101
000011111111111
000010001100101
000011000010011
000000000110111
000010000101101
000011101111101
000011110000111
000011001111001
000010000100111
000010001010011
000011011010011
000010111110111
000010010011001
000011001011011
000011010100111
000011100010001
000011011000001
000010011111111
000010010101111
000010100100011
000010111100101
000011001010001
000011101000111
000010011010111
000011110000111
000011010100111
000011101000111
000010011101101
000011000010101
000011100100001
000010011101101
000010010101001
000010101101011
000011011110111
000011101100011
000010000101101
000000000101001
000010011110011
000011000010101
000011011001101
000011011011111
000011110001101
000010100011111
000011010001001
000011111011011
000011100001111
000011100100001
000011010000101
000010001100011
000011110110001
000010111111011
000010101100111
000011110010011
000010111110111
000010011101101
000011010001001
000010010001011
000011100110101
000010100001011
000010010001011
000010110011011
000010110100001
000010010101001
000010110111001
000011101011001
000011000100101
000010001000111
000011101111101
000010011110011
000000000111011
000010101101011
000011001001111
000011111000101
000010101010111
000010011100111
000011100110101
000010011000101
000011001000011
000011011110111
000011011111101
000010101100001
000011110000001
000010100001101
000010001101111
000011111101011
000010100110001
000011101100011
000011000110001
000010110001111
000011111110011
000010111000001
000010100001011
000010111000111
000011111111111
000010000101101
000010000100111
000010010011001
000011011000001
000010111100101
000011110000111
000011000010101
000010101101011
000000000101001
000011011011111
000011111011011
000010001100011
000011110010011
000010010001011
000010110011011
000011101011001
000010011110011
000011111000101
000010011000101
000010101100001
000011111101011
000010110001111
000010111000111
000010010011001
000011000010101
000011111011011
000010110011011
000010011000101
000010111000111
000010110011011
000000000000111
000011100011101
000011011001101
000010101000011
000011100011101
000011010111111
000010100011001
000011001111001
000011011001101
000011001001111
000011011011111
000000000100101
000010101000011
000010100111101
000010011001001
000010110100001
000011100011101
000010000011101
000011110001101
000011000110111
000011010111111
000010110000101
000010000110101
000011101111011
000010100011001
000011100111001
000010100011111
000011010110101
000011001111001
000011100010001
000010011010111
000010010101001
000011011001101
000011010000101
000011010001001
000010110111001
000011001001111
000011011111101
000011000110001
000010000100111
000011011011111
000011111000101
000011111011011
000010101000011
000000000100101
000011000110111
000011010110101
000010110111001
000010101000011
000011100010111
000011100001111
000011100010111
000010100111101
000011110101001
000010000011011
000011100101011
000010011001001
000011001011011
000011100100001
000011100001111
000010110100001
000011001000011
000011111111111
000011101011001
000011100011101
000010000011101
000011010000101
000011100010111
000010000011101
000010110010111
000011001111111
000010001010011
000011110001101
000010101010111
000010001100011
000010100111101
000011000110111
000000000101111
000010001100101
000011000100101
000011010111111
000010110010111
000011110110001
000011110101001
000010110000101
000010010000001
000010000001111
000011111111001
000010000110101
000010110101011
000010111111011
000010000011011
000011101111011
000011000100011
000011000010011
000010001000111
000010100011001
000011001111111
000010101100111
000011100101011
000011100111001
000011010101101
000011101010101
000011011010011
000010100011111
000010011100111
000011110010011
000010011001001
000011010110101
000010001100101
000000000110111
000011101111101
000011001111001
000010001010011
000010111110111
000011001011011
000011100010001
000010011111111
000010100100011
000011001010001
000010011010111
000011010100111
000010011101101
000011100100001
000010010101001
000011011110111
000010000101101
000010011110011
000011011001101
000011110001101
000011010001001
000011100001111
000011010000101
000011110110001
000010101100111
000010111110111
000011010001001
000011100110101
000010010001011
000010110100001
000010110111001
000011000100101
000011101111101
000000000111011
000011001001111
000010101010111
000011100110101
000011001000011
000011011111101
000011110000001
000010001101111
000010100110001
000011000110001
000011111110011
000010100001011
000011111111111
000010000100111
000011011000001
000011110000111
000010101101011
000011011011111
000010001100011
000010010001011
000011101011001
000011111000101
000010101100001
000010110001111
000010010011001
000011111011011
000010011000101
000010110011011
000011100011101
000010101000011
000011010111111
000011001111001
000011001001111
000000000100101
000010100111101
000010110100001
000010000011101
000011000110111
000010110000101
000011101111011
000011100111001
000011010110101
000011100010001
000010010101001
000011010000101
000010110111001
000011011111101
000010000100111
000011111000101
000010101000011
000011000110111
000010110111001
000011100010111
000011100010111
000011110101001
000011100101011
000011001011011
000011100001111
000011001000011
000011101011001
000010000011101
000011100010111
000010110010111
000010001010011
000010101010111
000010100111101
000000000101111
000011000100101
000010110010111
000011110101001
000010010000001
000011111111001
000010110101011
000010000011011
000011000100011
000010001000111
000011001111111
000011100101011
000011010101101
000011011010011
000010011100111
000010011001001
000010001100101
000011101111101
000010001010011
000011001011011
000010011111111
000011001010001
000011010100111
000011100100001
000011011110111
000010011110011
000011110001101
000011100001111
000011110110001
000010111110111
000011100110101
000010110100001
000011000100101
000000000111011
000010101010111
000011001000011
000011110000001
000010100110001
000011111110011
000011111111111
000011011000001
000010101101011
000010001100011
000011101011001
000010101100001
000010010011001
000010011000101
000011100011101
000011010111111
000011001001111
000010100111101
000010000011101
000010110000101
000011100111001
000011100010001
000011010000101
000011011111101
000011111000101
000011000110111
000011100010111
000011110101001
000011001011011
000011001000011
000010000011101
000010110010111
000010101010111
000000000101111
000010110010111
000010010000001
000010110101011
000011000100011
000011001111111
000011010101101
000010011100111
000010001100101
000010001010011
000010011111111
000011010100111
000011011110111
000011110001101
000011110110001
000011100110101
000011000100101
000010101010111
000011110000001
000011111110011
000011011000001
000010001100011
000010101100001
000010011000101
000011010111111
000010100111101
000010110000101
000011100010001
000011011111101
000011000110111
000011110101001
000011001000011
000010110010111
000000000101111
000010010000001
000011000100011
000011010101101
000010001100101
000010011111111
000011011110111
000011110110001
000011000100101
000011110000001
000011011000001
000010101100001
000011010111111
000010110000101
000011011111101
000011110101001
000010110010111
000010010000001
000011010101101
000010011111111
000011110110001
000011110000001
000010101100001
000010110000101
000011110101001
000010010000001
000010011111111
000011110000001
000010110000101
000010010000001
000011110000001
000010010000001
000010010000001
