001000001010011
001000001010011
001010001011011
001000001010011
001000001001101
001010001011011
001010001101011
001000001010011
001001111110101
001000001001101
001101110100111
001010001011011
001010101001011
001010001101011
001011000111111
001000001010011
001110101011011
001001111110101
001110000100111
001000001001101
001000000110101
001101110100111
001001000001101
001010001011011
001011011111111
001010101001011
001100100000101
001010001101011
001100001010111
001011000111111
001111110111011
001000001010011
001011011001001
001110101011011
001000011111111
001001111110101
001011101110101
001110000100111
001011011010001
001000001001101
001101011100001
001000000110101
001101000101011
001101110100111
001101001111011
001001000001101
001101110010001
001010001011011
001111111000011
001011011111111
001000011101101
001010101001011
001101011010001
001100100000101
001000010000001
001010001101011
001010011011001
001100001010111
001001100001111
001011000111111
001011101000101
001111110111011
001000111110001
001000001010011
000000001100001
001011011001001
001011010111101
001110101011011
001110110110011
001000011111111
001001100111001
001001111110101
001110010011111
001011101110101
001110010110111
001110000100111
001101001001101
001011011010001
001010101001101
001000001001101
001111101100101
001101011100001
001010010101101
001000000110101
001001110111011
001101000101011
001111011110001
001101110100111
001001010111001
001101001111011
001000000001001
001001000001101
001100111101101
001101110010001
001111111000101
001010001011011
001111001010001
001111111000011
001111011010011
001011011111111
001100010010111
001000011101101
001010001001111
001010101001011
001011110001111
001101011010001
001100001011101
001100100000101
001100111001001
001000010000001
001101100001101
001010001101011
001011001011001
001010011011001
001011010010011
001100001010111
001110100111101
001001100001111
001100011001101
001011000111111
001110101010001
001011101000101
001011100111101
001111110111011
001010001111111
001000111110001
001101110111111
001000001010011
001011011001001
000000001100001
001111001010001
001011011001001
001001100011011
001011010111101
001000101111001
001110101011011
001101100011111
001110110110011
001010000110111
001000011111111
001011101111001
001001100111001
001010001001001
001001111110101
001110101011101
001110010011111
001111110101111
001011101110101
001010001100111
001110010110111
001100111001111
001110000100111
001011101001111
001101001001101
001100010100001
001011011010001
001100110111101
001010101001101
001011110011101
001000001001101
001001100011011
001111101100101
001000110110011
001101011100001
001000110010001
001010010101101
001110001001101
001000000110101
001110101100111
001001110111011
001000010001011
001101000101011
001010010100111
001111011110001
001110111101111
001101110100111
001110000001111
001001010111001
001111110111101
001101001111011
001000001101001
001000000001001
001100001001001
001001000001101
001100000011111
001100111101101
001100110001011
001101110010001
001011101011101
001111111000101
001010001011101
001010001011011
001011010111101
001111001010001
000000001110101
001111111000011
001001100100001
001111011010011
001000011010001
001011011111111
001100000110111
001100010010111
001011001101111
001000011101101
001100101001011
001010001001111
001000110000011
001010101001011
001001000110111
001011110001111
001100100011011
001101011010001
001110100101111
001100001011101
001000110101011
001100100000101
001011101110011
001100111001001
001001110101111
001000010000001
001111101001011
001101100001101
001000101010111
001010001101011
001000101111001
001011001011001
001010111101011
001010011011001
001011100011001
001011010010011
001000001110111
001100001010111
001001011001011
001110100111101
001001100001001
001001100001111
001011111011111
001100011001101
001011100010101
001011000111111
001010100011101
001110101010001
001100000110001
001011101000101
001111011110111
001011100111101
001001001000101
001111110111011
001011000011011
001010001111111
001011001010101
001000111110001
001000100111011
001101110111111
001111110001101
001000001010011
001110101011011
001011011001001
001111111000011
000000001100001
001111101100101
001111001010001
001011001011001
001011011001001
001110101011101
001001100011011
001110000001111
001011010111101
001001000110111
001000101111001
001010100011101
001110101011011
000000000010011
001101100011111
001100110000001
001110110110011
001110000010001
001010000110111
001110001011111
001000011111111
001111000010101
001011101111001
001101111010011
001001100111001
001111001100001
001010001001001
001011001100011
001001111110101
001101100011111
001110101011101
001101111111101
001110010011111
001001100111111
001111110101111
001001100110011
001011101110101
001111000111011
001010001100111
001110100000001
001110010110111
001010011001101
001100111001111
001111101111101
001110000100111
001100110000001
001011101001111
001100010010001
001101001001101
001001111110011
001100010100001
001010111000101
001011011010001
001100011101111
001100110111101
001111111111111
001010101001101
001101000110011
001011110011101
001111000011001
001000001001101
001110110110011
001001100011011
001001100100001
001111101100101
000000001110011
001000110110011
001111010011011
001101011100001
001001110011111
001000110010001
001110100000111
001010010101101
001001111000011
001110001001101
001001000011001
001000000110101
001110000010001
001110101100111
001110000000011
001001110111011
001001101110001
001000010001011
001010110111011
001101000101011
001100101011111
001010010100111
001111111001001
001111011110001
001011111000001
001110111101111
001011110010111
001101110100111
001010000110111
001110000001111
001000100110111
001001010111001
001101011100111
001111110111101
001001000111101
001101001111011
001110011110011
001000001101001
001001000100101
001000000001001
001001010110101
001100001001001
001101001101001
001001000001101
001110001011111
001100000011111
001100000100011
001100111101101
001000001111101
001100110001011
001000011001111
001101110010001
001101001011111
001011101011101
001011110110011
001111111000101
001011011110011
001010001011101
001110101000011
001010001011011
001000011111111
001011010111101
001111011010011
001111001010001
001000110110011
000000001110101
001010111101011
001111111000011
001101111111101
001001100100001
001000100110111
001111011010011
001010111010111
001000011010001
001110111000001
001011011111111
001111000010101
001100000110111
001100011111011
001100010010111
001011000000011
001011001101111
001111000101111
001000011101101
001000100011111
001100101001011
001000000111111
001010001001111
001100010000011
001000110000011
001100100101101
001010101001011
001011101111001
001001000110111
001010111010111
001011110001111
001100010111001
001100100011011
001100011001011
001101011010001
001100001101101
001110100101111
001000010100101
001100001011101
001001000111011
001000110101011
001001100011101
001100100000101
001101111010011
001011101110011
001000111100011
001100111001001
001010110010011
001001110101111
001010000000111
001000010000001
001101011101011
001111101001011
001111011100011
001101100001101
001111100000011
001000101010111
001001101100101
001010001101011
001001100111001
001000101111001
001000011010001
001011001011001
001111010011011
001010111101011
000000001001001
001010011011001
001110000000101
001011100011001
001101001100011
001011010010011
001111010001111
001000001110111
001101011110101
001100001010111
001111001100001
001001011001011
001011110001001
001110100111101
001101110110101
001001100001001
001101100101111
001001100001111
001010001110101
001011111011111
001100110011001
001100011001101
001111101000111
001011100010101
001001101001101
001011000111111
001010001001001
001010100011101
001110111000001
001110101010001
001101010110001
001100000110001
001000101100001
001011101000101
001001001000011
001111011110111
001011001000111
001011100111101
001111001110011
001001001000101
001001111010001
001111110111011
001011001100011
001011000011011
001111001000101
001010001111111
001000111101111
001011001010101
001001110011001
001000111110001
001000000100001
001000100111011
001000101101101
001101110111111
001011000001001
001111110001101
001101011000101
001000001010011
001001111110101
001110101011011
001011011111111
001011011001001
001101011100001
001111111000011
001010011011001
000000001100001
001110010011111
001111101100101
001001010111001
001111001010001
001011110001111
001011001011001
001110101010001
001011011001001
001101100011111
001110101011101
001011101001111
001001100011011
001110101100111
001110000001111
001100000011111
001011010111101
001100000110111
001001000110111
001011101110011
001000101111001
001001011001011
001010100011101
001011000011011
001110101011011
001110101011101
000000000010011
001111000010101
001101100011111
001111000111011
001100110000001
001100011101111
001110110110011
001001110011111
001110000010001
001100101011111
001010000110111
001110011110011
001110001011111
001101001011111
001000011111111
001101111111101
001111000010101
001000100011111
001011101111001
001100001101101
001101111010011
001101011101011
001001100111001
001110000000101
001111001100001
001010001110101
001010001001001
001001001000011
001011001100011
001000000100001
001001111110101
001110010011111
001101100011111
001100000110111
001110101011101
001001110011111
001101111111101
001110000000101
001110010011111
000000000001011
001001100111111
001100101100101
001111110101111
001110011001001
001001100110011
001111010111001
001011101110101
001001100111111
001111000111011
001011100001011
001010001100111
001010010110101
001110100000001
001100100110101
001110010110111
001100101100101
001010011001101
001100100001001
001100111001111
001010110101001
001111101111101
001001001110011
001110000100111
001111110101111
001100110000001
001100011111011
001011101001111
001101100001011
001100010010001
001100011110001
001101001001101
001110011001001
001001111110011
001111001100111
001100010100001
001001000010011
001010111000101
001100111011101
001011011010001
001001100110011
001100011101111
001111110000001
001100110111101
001001001111111
001111111111111
001100101111011
001010101001101
001111010111001
001101000110011
001000010100011
001011110011101
001001000000001
001111000011001
001010000010011
001000001001101
001011101110101
001110110110011
001100010010111
001001100011011
001000110010001
001001100100001
001011100011001
001111101100101
001001100111111
000000001110011
001101011100111
001000110110011
001100010111001
001111010011011
001101010110001
001101011100001
001111000111011
001001110011111
001101100001011
001000110010001
001000110000101
001110100000111
001101110001001
001010010101101
001011100001011
001001111000011
001110011001111
001110001001101
001010010001001
001001000011001
001011101000011
001000000110101
001010001100111
001110000010001
001011000000011
001110101100111
001000110000101
001110000000011
001010010100001
001001110111011
001010010110101
001001101110001
001000111011111
001000010001011
001110011101101
001010110111011
001111010010111
001101000101011
001110100000001
001100101011111
001101111000001
001010010100111
001010011100101
001111111001001
001011011000011
001111011110001
001100100110101
001011111000001
001100111111001
001110111101111
001001011000001
001011110010111
001000101101011
001101110100111
001110010110111
001010000110111
001011001101111
001110000001111
001110100000111
001000100110111
001101001100011
001001010111001
001100101100101
001101011100111
000000001011011
001111110111101
001110101111001
001001000111101
001101100010011
001101001111011
001010011001101
001110011110011
001001111010111
001000001101001
001011011100111
001001000100101
001001110100011
001000000001001
001100100001001
001001010110101
001001001100111
001100001001001
001100111100111
001101001101001
001111000111101
001001000001101
001100111001111
001110001011111
001111000101111
001100000011111
001101110001001
001100000100011
001110101110101
001100111101101
001010110101001
001000001111101
001100001111001
001100110001011
001011001100101
001000011001111
001110110001001
001101110010001
001111101111101
001101001011111
001101001010011
001011101011101
001110010100101
001011110110011
001001111011101
001111111000101
001001001110011
001011011110011
001011001001011
001010001011101
001101111001011
001110101000011
001101001010101
001010001011011
001110000100111
001000011111111
001000011101101
001011010111101
001010010101101
001111011010011
001011010010011
001111001010001
001111110101111
001000110110011
001111110111101
000000001110101
001100100011011
001010111101011
001100000110001
001111111000011
001100110000001
001101111111101
001100010010001
001001100100001
001110000000011
001000100110111
001100000100011
001111011010011
001100011111011
001010111010111
001000111100011
001000011010001
001011110001001
001110111000001
001111001000101
001011011111111
001011101001111
001111000010101
001000100011111
001100000110111
001011100001011
001100011111011
001111110000001
001100010010111
001101100001011
001011000000011
001101111000001
001011001101111
001001111010111
001111000101111
001101001010011
001000011101101
001100010010001
001000100011111
000000000011111
001100101001011
001000001111011
001000000111111
001111100010001
001010001001111
001100011110001
001100010000011
001000100100011
001000110000011
001011110111111
001100100101101
001011011100001
001010101001011
001101001001101
001011101111001
001100101001011
001001000110111
001001111000011
001010111010111
001111010001111
001011110001111
001110011001001
001100010111001
001110101111001
001100100011011
000000001101101
001100011001011
001111011001101
001101011010001
001001111110011
001100001101101
001000001111011
001110100101111
001111101110001
001000010100101
001100000001101
001100001011101
001111001100111
001001000111011
001101000011011
001000110101011
001110011101011
001001100011101
001110100100011
001100100000101
001100010100001
001101111010011
001000000111111
001011101110011
001110011001111
001000111100011
001101111100011
001100111001001
001001000010011
001010110010011
001101000011101
001001110101111
001010011010011
001010000000111
001110110000011
001000010000001
001010111000101
001101011101011
001111100010001
001111101001011
001111101010011
001111011100011
001010100001111
001101100001101
001100111011101
001111100000011
001111001011101
001000101010111
001001110101001
001001101100101
001111111101101
001010001101011
001011011010001
001001100111001
001010001001111
001000101111001
001110001001101
001000011010001
001000001110111
001011001011001
001001100110011
001111010011011
001001000111101
001010111101011
001100011001011
000000001001001
001000101100001
001010011011001
001100011101111
001110000000101
001100011110001
001011100011001
001010010100001
001101001100011
001110101110101
001011010010011
001111110000001
001111010001111
001101111100011
001000001110111
001110110010001
001101011110101
001100101101111
001100001010111
001100110111101
001111001100001
001100010000011
001001011001011
001010010001001
001011110001001
001110110010001
001110100111101
001001001111111
001101110110101
001100000000111
001001100001001
001110000010111
001101100101111
001000010011001
001001100001111
001111111111111
001010001110101
001000100100011
001011111011111
001000000010111
001100110011001
001011111111011
001100011001101
001100101111011
001111101000111
001000000110011
001011100010101
001111000000111
001001101001101
001100001111111
001011000111111
001010101001101
001010001001001
001000110000011
001010100011101
001001000011001
001110111000001
001101011110101
001110101010001
001111010111001
001101010110001
001101100010011
001100000110001
001111011001101
001000101100001
000000001010111
001011101000101
001101000110011
001001001000011
001011110111111
001111011110111
001101000100001
001011001000111
001100110110001
001011100111101
001000010100011
001111001110011
001111010111111
001001001000101
001110110000101
001001111010001
001000101001111
001111110111011
001011110011101
001011001100011
001100100101101
001011000011011
001011101000011
001111001000101
001100101101111
001010001111111
001001000000001
001000111101111
001011010100101
001011001010101
001110110100111
001001110011001
001011110101101
001000111110001
001111000011001
001000000100001
001011011100001
001000100111011
001101010001011
001000101101101
001111111100001
001101110111111
001010000010011
001011000001001
001110010000111
001111110001101
001110010111011
001101011000101
001101101000101
001000001010011
001000001001101
001001111110101
001010101001011
001110101011011
001000000110101
001011011111111
001100001010111
001011011001001
001011101110101
001101011100001
001101001111011
001111111000011
001101011010001
001010011011001
001011101000101
000000001100001
001110110110011
001110010011111
001101001001101
001111101100101
001001110111011
001001010111001
001100111101101
001111001010001
001100010010111
001011110001111
001100111001001
001011001011001
001110100111101
001110101010001
001010001111111
001011011001001
001001100011011
001101100011111
001011101111001
001110101011101
001010001100111
001011101001111
001100110111101
001001100011011
001000110010001
001110101100111
001010010100111
001110000001111
001000001101001
001100000011111
001011101011101
001011010111101
001001100100001
001100000110111
001100101001011
001001000110111
001110100101111
001011101110011
001111101001011
001000101111001
001011100011001
001001011001011
001011111011111
001010100011101
001111011110111
001011000011011
001000100111011
001110101011011
001111101100101
001110101011101
001001000110111
000000000010011
001110000010001
001111000010101
001111001100001
001101100011111
001001100111111
001111000111011
001010011001101
001100110000001
001001111110011
001100011101111
001101000110011
001110110110011
000000001110011
001001110011111
001001111000011
001110000010001
001001101110001
001100101011111
001011111000001
001010000110111
001101011100111
001110011110011
001001010110101
001110001011111
001000001111101
001101001011111
001011011110011
001000011111111
001000110110011
001101111111101
001010111010111
001111000010101
001011000000011
001000100011111
001100010000011
001011101111001
001100010111001
001100001101101
001001000111011
001101111010011
001010110010011
001101011101011
001111100000011
001001100111001
001111010011011
001110000000101
001111010001111
001111001100001
001101110110101
001010001110101
001111101000111
001010001001001
001101010110001
001001001000011
001111001110011
001011001100011
001000111101111
001000000100001
001011000001001
001001111110101
001101011100001
001110010011111
001011110001111
001101100011111
001110101100111
001100000110111
001001011001011
001110101011101
001111000111011
001001110011111
001110011110011
001101111111101
001100001101101
001110000000101
001001001000011
001110010011111
001001110011111
000000000001011
001110011001001
001001100111111
001010010110101
001100101100101
001010110101001
001111110101111
001101100001011
001110011001001
001001000010011
001001100110011
001001001111111
001111010111001
001001000000001
001011101110101
001000110010001
001001100111111
001100010111001
001111000111011
001000110000101
001011100001011
001010010001001
001010001100111
001000110000101
001010010110101
001110011101101
001110100000001
001010011100101
001100100110101
001001011000001
001110010110111
001110100000111
001100101100101
001110101111001
001010011001101
001011011100111
001100100001001
001100111100111
001100111001111
001101110001001
001010110101001
001011001100101
001111101111101
001110010100101
001001001110011
001101111001011
001110000100111
001010010101101
001111110101111
001100100011011
001100110000001
001110000000011
001100011111011
001011110001001
001011101001111
001011100001011
001101100001011
001001111010111
001100010010001
001000001111011
001100011110001
001011110111111
001101001001101
001001111000011
001110011001001
000000001101101
001001111110011
001111101110001
001111001100111
001110011101011
001100010100001
001110011001111
001001000010011
001010011010011
001010111000101
001111101010011
001100111011101
001001110101001
001011011010001
001110001001101
001001100110011
001100011001011
001100011101111
001010010100001
001111110000001
001110110010001
001100110111101
001010010001001
001001001111111
001110000010111
001111111111111
001000000010111
001100101111011
001111000000111
001010101001101
001001000011001
001111010111001
001111011001101
001101000110011
001101000100001
001000010100011
001110110000101
001011110011101
001011101000011
001001000000001
001110110100111
001111000011001
001101010001011
001010000010011
001110010111011
001000001001101
001000000110101
001011101110101
001101011010001
001110110110011
001001110111011
001100010010111
001110100111101
001001100011011
001010001100111
001000110010001
001000001101001
001001100100001
001110100101111
001011100011001
001111011110111
001111101100101
001110000010001
001001100111111
001001111110011
000000001110011
001001101110001
001101011100111
001000001111101
001000110110011
001011000000011
001100010111001
001010110010011
001111010011011
001101110110101
001101010110001
001000111101111
001101011100001
001110101100111
001111000111011
001100001101101
001001110011111
001010010110101
001101100001011
001001001111111
001000110010001
001000110000101
001000110000101
001010011100101
001110100000111
001011011100111
001101110001001
001110010100101
001010010101101
001110000000011
001011100001011
001000001111011
001001111000011
001111101110001
001110011001111
001111101010011
001110001001101
001010010100001
001010010001001
001000000010111
001001000011001
001101000100001
001011101000011
001101010001011
001000000110101
001001110111011
001010001100111
001110100101111
001110000010001
001001101110001
001011000000011
001101110110101
001110101100111
001010010110101
001000110000101
001011011100111
001110000000011
001111101110001
001010010100001
001101000100001
001001110111011
001001101110001
001010010110101
001111101110001
001001101110001
000000000000111
001000111011111
001000111011001
001000010001011
001000111011111
001110011101101
001010110100101
001010110111011
001000111011001
001111010010111
001101110111001
001101000101011
001000010001011
001110100000001
001000010100101
001100101011111
001000111011111
001101111000001
001100000000111
001010010100111
001110011101101
001010011100101
001010000110001
001111111001001
001010110100101
001011011000011
001110011010111
001111011110001
001010110111011
001100100110101
001100000001101
001011111000001
001000111011001
001100111111001
001000100000111
001110111101111
001111010010111
001001011000001
001110011000101
001011110010111
001101110111001
001000101101011
001010110000001
001101110100111
001101000101011
001110010110111
001100001011101
001010000110111
001000010001011
001011001101111
001001100001001
001110000001111
001110100000001
001110100000111
001001000100101
001000100110111
001000010100101
001101001100011
001011001000111
001001010111001
001100101011111
001100101100101
001111001100111
001101011100111
001000111011111
000000001011011
001100001111001
001111110111101
001101111000001
001110101111001
001101000011101
001001000111101
001100000000111
001101100010011
001011010100101
001101001111011
001010010100111
001010011001101
001001000111011
001110011110011
001110011101101
001001111010111
001110000010111
001000001101001
001010011100101
001011011100111
001010000110001
001001000100101
001010000110001
001001110100011
001000100110001
001000000001001
001111111001001
001100100001001
001101000011011
001001010110101
001010110100101
001001001100111
001111100111001
001100001001001
001011011000011
001100111100111
001101110001111
001101001101001
001110011010111
001111000111101
001000011101011
001001000001101
001111011110001
001100111001111
001000110101011
001110001011111
001010110111011
001111000101111
001101100101111
001100000011111
001100100110101
001101110001001
001001110100011
001100000100011
001100000001101
001110101110101
001100110110001
001100111101101
001011111000001
001010110101001
001110011101011
001000001111101
001000111011001
001100001111001
000000001100111
001100110001011
001100111111001
001011001100101
001111110011001
001000011001111
001000100000111
001110110001001
001010011011111
001101110010001
001110111101111
001111101111101
001001100011101
001101001011111
001111010010111
001101001010011
001000010011001
001011101011101
001001011000001
001110010100101
001000100110001
001011110110011
001110011000101
001001111011101
001101100011001
001111111000101
001011110010111
001001001110011
001110100100011
001011011110011
001101110111001
001011001001011
001100110110111
001010001011101
001000101101011
001101111001011
001010111011101
001110101000011
001010110000001
001101001010101
001011001000001
001010001011011
001101110100111
001110000100111
001100100000101
001000011111111
001101000101011
001000011101101
001001100001111
001011010111101
001110010110111
001010010101101
001000000001001
001111011010011
001100001011101
001011010010011
001011100111101
001111001010001
001010000110111
001111110101111
001100010100001
001000110110011
001000010001011
001111110111101
001100110001011
000000001110101
001011001101111
001100100011011
001001110101111
001010111101011
001001100001001
001100000110001
001011001010101
001111111000011
001110000001111
001100110000001
001101111010011
001101111111101
001110100000001
001100010010001
001111111111111
001001100100001
001110100000111
001110000000011
001111111001001
001000100110111
001001000100101
001100000100011
001011110110011
001111011010011
001000100110111
001100011111011
001000000111111
001010111010111
001000010100101
001000111100011
001111011100011
001000011010001
001101001100011
001011110001001
001100110011001
001110111000001
001011001000111
001111001000101
001000101101101
001011011111111
001001010111001
001011101001111
001011101110011
001111000010101
001100101011111
001000100011111
001010001110101
001100000110111
001100101100101
001011100001011
001100100001001
001100011111011
001111001100111
001111110000001
001000010100011
001100010010111
001101011100111
001101100001011
001110011001111
001011000000011
001000111011111
001101111000001
001100111111001
001011001101111
000000001011011
001001111010111
001001001100111
001111000101111
001100001111001
001101001010011
001011001001011
001000011101101
001111110111101
001100010010001
001000111100011
001000100011111
001101111000001
000000000011111
001000100100011
001100101001011
001110101111001
001000001111011
001101000011011
001000000111111
001101000011101
001111100010001
001111001011101
001010001001111
001001000111101
001100011110001
001101111100011
001100010000011
001100000000111
001000100100011
001000000110011
001000110000011
001101100010011
001011110111111
001111010111111
001100100101101
001011010100101
001011011100001
001110010000111
001010101001011
001101001111011
001101001001101
001100111001001
001011101111001
001010010100111
001100101001011
001011111011111
001001000110111
001010011001101
001001111000011
001001010110101
001010111010111
001001000111011
001111010001111
001111001110011
001011110001111
001110011110011
001110011001001
001001000010011
001100010111001
001110011101101
001110101111001
001011001100101
001100100011011
001001111010111
000000001101101
001010011010011
001100011001011
001110000010111
001111011001101
001110110100111
001101011010001
001000001101001
001001111110011
001010110010011
001100001101101
001010011100101
001000001111011
001000000010111
001110100101111
001011011100111
001111101110001
001010110100101
001000010100101
001010000110001
001100000001101
001110011000101
001100001011101
001001000100101
001111001100111
001101000011101
001001000111011
001010000110001
001101000011011
001101110001111
001000110101011
001001110100011
001110011101011
001111110011001
001001100011101
001000100110001
001110100100011
001010111011101
001100100000101
001000000001001
001100010100001
001001110101111
001101111010011
001111111001001
001000000111111
001100110011001
001011101110011
001100100001001
001110011001111
001001001100111
001000111100011
001101000011011
001101111100011
001111010111111
001100111001001
001001010110101
001001000010011
001010011010011
001010110010011
001010110100101
001101000011101
001111110011001
001001110101111
001001001100111
001010011010011
000000000001101
001010000000111
001111100111001
001110110000011
001111100100111
001000010000001
001100001001001
001010111000101
001010000000111
001101011101011
001011011000011
001111100010001
001011111111011
001111101001011
001100111100111
001111101010011
001111100111001
001111011100011
001101110001111
001010100001111
001011101010111
001101100001101
001101001101001
001100111011101
001110110000011
001111100000011
001110011010111
001111001011101
001111100011011
001000101010111
001111000111101
001001110101001
001111100100111
001001101100101
001000011101011
001111111101101
001010111111001
001010001101011
001001000001101
001011011010001
001000010000001
001001100111001
001111011110001
001010001001111
001100011001101
001000101111001
001100111001111
001110001001101
001100001001001
001000011010001
001000110101011
001000001110111
001001001000101
001011001011001
001110001011111
001001100110011
001010111000101
001111010011011
001010110111011
001001000111101
001000011001111
001010111101011
001111000101111
001100011001011
001010000000111
000000001001001
001101100101111
001000101100001
001001110011001
001010011011001
001100000011111
001100011101111
001101011101011
001110000000101
001100100110101
001100011110001
001100101111011
001011100011001
001101110001001
001010010100001
001011011000011
001101001100011
001001110100011
001110101110101
001001111011101
001011010010011
001100000100011
001111110000001
001111100010001
001111010001111
001100000001101
001101111100011
001010100001111
001000001110111
001110101110101
001110110010001
001011111111011
001101011110101
001100110110001
001100101101111
001111111100001
001100001010111
001100111101101
001100110111101
001111101001011
001111001100001
001011111000001
001100010000011
001111101000111
001001011001011
001010110101001
001010010001001
001100111100111
001011110001001
001110011101011
001110110010001
001110110000101
001110100111101
001000001111101
001001001111111
001111101010011
001101110110101
001000111011001
001100000000111
001000100000111
001001100001001
001100001111001
001110000010111
001111100111001
001101100101111
000000001100111
001000010011001
001100110110111
001001100001111
001100110001011
001111111111111
001111011100011
001010001110101
001100111111001
001000100100011
001000000110011
001011111011111
001011001100101
001000000010111
001101110001111
001100110011001
001111110011001
001011111111011
001111100011011
001100011001101
001000011001111
001100101111011
001010100001111
001111101000111
001000100000111
001000000110011
000000000011001
001011100010101
001110110001001
001111000000111
001011101010111
001001101001101
001010011011111
001100001111111
001101101010111
001011000111111
001101110010001
001010101001101
001101100001101
001010001001001
001110111101111
001000110000011
001011100010101
001010100011101
001111101111101
001001000011001
001101001101001
001110111000001
001001100011101
001101011110101
001001111010001
001110101010001
001101001011111
001111010111001
001100111011101
001101010110001
001111010010111
001101100010011
001110110001001
001100000110001
001101001010011
001111011001101
001110110000011
001000101100001
001000010011001
000000001010111
001011110101101
001011101000101
001011101011101
001101000110011
001111100000011
001001001000011
001001011000001
001011110111111
001111000000111
001111011110111
001110010100101
001101000100001
001110011010111
001011001000111
001000100110001
001100110110001
001101100011001
001011100111101
001011110110011
001000010100011
001111001011101
001111001110011
001110011000101
001111010111111
001011101010111
001001001000101
001001111011101
001110110000101
001111100011011
001001111010001
001101100011001
001000101001111
001001001101101
001111110111011
001111111000101
001011110011101
001000101010111
001011001100011
001011110010111
001100100101101
001001101001101
001011000011011
001001001110011
001011101000011
001111000111101
001111001000101
001110100100011
001100101101111
001000101001111
001010001111111
001011011110011
001001000000001
001001110101001
001000111101111
001101110111001
001011010100101
001010011011111
001011001010101
001011001001011
001110110100111
001111100100111
001001110011001
001100110110111
001011110101101
000000001000011
001000111110001
001010001011101
001111000011001
001001101100101
001000000100001
001000101101011
001011011100001
001100001111111
001000100111011
001101111001011
001101010001011
001000011101011
001000101101101
001010111011101
001111111100001
001001001101101
001101110111111
001110101000011
001010000010011
001111111101101
001011000001001
001010110000001
001110010000111
001101101010111
001111110001101
001101001010101
001110010111011
001010111111001
001101011000101
001011001000001
001101101000101
001100101000001
001000001010011
001010001011011
001000001001101
001010001101011
001001111110101
001101110100111
001010101001011
001011000111111
001110101011011
001110000100111
001000000110101
001001000001101
001011011111111
001100100000101
001100001010111
001111110111011
001011011001001
001000011111111
001011101110101
001011011010001
001101011100001
001101000101011
001101001111011
001101110010001
001111111000011
001000011101101
001101011010001
001000010000001
001010011011001
001001100001111
001011101000101
001000111110001
000000001100001
001011010111101
001110110110011
001001100111001
001110010011111
001110010110111
001101001001101
001010101001101
001111101100101
001010010101101
001001110111011
001111011110001
001001010111001
001000000001001
001100111101101
001111111000101
001111001010001
001111011010011
001100010010111
001010001001111
001011110001111
001100001011101
001100111001001
001101100001101
001011001011001
001011010010011
001110100111101
001100011001101
001110101010001
001011100111101
001010001111111
001101110111111
001011011001001
001111001010001
001001100011011
001000101111001
001101100011111
001010000110111
001011101111001
001010001001001
001110101011101
001111110101111
001010001100111
001100111001111
001011101001111
001100010100001
001100110111101
001011110011101
001001100011011
001000110110011
001000110010001
001110001001101
001110101100111
001000010001011
001010010100111
001110111101111
001110000001111
001111110111101
001000001101001
001100001001001
001100000011111
001100110001011
001011101011101
001010001011101
001011010111101
000000001110101
001001100100001
001000011010001
001100000110111
001011001101111
001100101001011
001000110000011
001001000110111
001100100011011
001110100101111
001000110101011
001011101110011
001001110101111
001111101001011
001000101010111
001000101111001
001010111101011
001011100011001
001000001110111
001001011001011
001001100001001
001011111011111
001011100010101
001010100011101
001100000110001
001111011110111
001001001000101
001011000011011
001011001010101
001000100111011
001111110001101
001110101011011
001111111000011
001111101100101
001011001011001
001110101011101
001110000001111
001001000110111
001010100011101
000000000010011
001100110000001
001110000010001
001110001011111
001111000010101
001101111010011
001111001100001
001011001100011
001101100011111
001101111111101
001001100111111
001001100110011
001111000111011
001110100000001
001010011001101
001111101111101
001100110000001
001100010010001
001001111110011
001010111000101
001100011101111
001111111111111
001101000110011
001111000011001
001110110110011
001001100100001
000000001110011
001111010011011
001001110011111
001110100000111
001001111000011
001001000011001
001110000010001
001110000000011
001001101110001
001010110111011
001100101011111
001111111001001
001011111000001
001011110010111
001010000110111
001000100110111
001101011100111
001001000111101
001110011110011
001001000100101
001001010110101
001101001101001
001110001011111
001100000100011
001000001111101
001000011001111
001101001011111
001011110110011
001011011110011
001110101000011
001000011111111
001111011010011
001000110110011
001010111101011
001101111111101
001000100110111
001010111010111
001110111000001
001111000010101
001100011111011
001011000000011
001111000101111
001000100011111
001000000111111
001100010000011
001100100101101
001011101111001
001010111010111
001100010111001
001100011001011
001100001101101
001000010100101
001001000111011
001001100011101
001101111010011
001000111100011
001010110010011
001010000000111
001101011101011
001111011100011
001111100000011
001001101100101
001001100111001
001000011010001
001111010011011
000000001001001
001110000000101
001101001100011
001111010001111
001101011110101
001111001100001
001011110001001
001101110110101
001101100101111
001010001110101
001100110011001
001111101000111
001001101001101
001010001001001
001110111000001
001101010110001
001000101100001
001001001000011
001011001000111
001111001110011
001001111010001
001011001100011
001111001000101
001000111101111
001001110011001
001000000100001
001000101101101
001011000001001
001101011000101
001001111110101
001011011111111
001101011100001
001010011011001
001110010011111
001001010111001
001011110001111
001110101010001
001101100011111
001011101001111
001110101100111
001100000011111
001100000110111
001011101110011
001001011001011
001011000011011
001110101011101
001111000010101
001111000111011
001100011101111
001001110011111
001100101011111
001110011110011
001101001011111
001101111111101
001000100011111
001100001101101
001101011101011
001110000000101
001010001110101
001001001000011
001000000100001
001110010011111
001100000110111
001001110011111
001110000000101
000000000001011
001100101100101
001110011001001
001111010111001
001001100111111
001011100001011
001010010110101
001100100110101
001100101100101
001100100001001
001010110101001
001001001110011
001111110101111
001100011111011
001101100001011
001100011110001
001110011001001
001111001100111
001001000010011
001100111011101
001001100110011
001111110000001
001001001111111
001100101111011
001111010111001
001000010100011
001001000000001
001010000010011
001011101110101
001100010010111
001000110010001
001011100011001
001001100111111
001101011100111
001100010111001
001101010110001
001111000111011
001101100001011
001000110000101
001101110001001
001011100001011
001110011001111
001010010001001
001011101000011
001010001100111
001011000000011
001000110000101
001010010100001
001010010110101
001000111011111
001110011101101
001111010010111
001110100000001
001101111000001
001010011100101
001011011000011
001100100110101
001100111111001
001001011000001
001000101101011
001110010110111
001011001101111
001110100000111
001101001100011
001100101100101
000000001011011
001110101111001
001101100010011
001010011001101
001001111010111
001011011100111
001001110100011
001100100001001
001001001100111
001100111100111
001111000111101
001100111001111
001111000101111
001101110001001
001110101110101
001010110101001
001100001111001
001011001100101
001110110001001
001111101111101
001101001010011
001110010100101
001001111011101
001001001110011
001011001001011
001101111001011
001101001010101
001110000100111
001000011101101
001010010101101
001011010010011
001111110101111
001111110111101
001100100011011
001100000110001
001100110000001
001100010010001
001110000000011
001100000100011
001100011111011
001000111100011
001011110001001
001111001000101
001011101001111
001000100011111
001011100001011
001111110000001
001101100001011
001101111000001
001001111010111
001101001010011
001100010010001
000000000011111
001000001111011
001111100010001
001100011110001
001000100100011
001011110111111
001011011100001
001101001001101
001100101001011
001001111000011
001111010001111
001110011001001
001110101111001
000000001101101
001111011001101
001001111110011
001000001111011
001111101110001
001100000001101
001111001100111
001101000011011
001110011101011
001110100100011
001100010100001
001000000111111
001110011001111
001101111100011
001001000010011
001101000011101
001010011010011
001110110000011
001010111000101
001111100010001
001111101010011
001010100001111
001100111011101
001111001011101
001001110101001
001111111101101
001011011010001
001010001001111
001110001001101
001000001110111
001001100110011
001001000111101
001100011001011
001000101100001
001100011101111
001100011110001
001010010100001
001110101110101
001111110000001
001101111100011
001110110010001
001100101101111
001100110111101
001100010000011
001010010001001
001110110010001
001001001111111
001100000000111
001110000010111
001000010011001
001111111111111
001000100100011
001000000010111
001011111111011
001100101111011
001000000110011
001111000000111
001100001111111
001010101001101
001000110000011
001001000011001
001101011110101
001111010111001
001101100010011
001111011001101
000000001010111
001101000110011
001011110111111
001101000100001
001100110110001
001000010100011
001111010111111
001110110000101
001000101001111
001011110011101
001100100101101
001011101000011
001100101101111
001001000000001
001011010100101
001110110100111
001011110101101
001111000011001
001011011100001
001101010001011
001111111100001
001010000010011
001110010000111
001110010111011
001101101000101
001000001001101
001010101001011
001000000110101
001100001010111
001011101110101
001101001111011
001101011010001
001011101000101
001110110110011
001101001001101
001001110111011
001100111101101
001100010010111
001100111001001
001110100111101
001010001111111
001001100011011
001011101111001
001010001100111
001100110111101
001000110010001
001010010100111
001000001101001
001011101011101
001001100100001
001100101001011
001110100101111
001111101001011
001011100011001
001011111011111
001111011110111
001000100111011
001111101100101
001001000110111
001110000010001
001111001100001
001001100111111
001010011001101
001001111110011
001101000110011
000000001110011
001001111000011
001001101110001
001011111000001
001101011100111
001001010110101
001000001111101
001011011110011
001000110110011
001010111010111
001011000000011
001100010000011
001100010111001
001001000111011
001010110010011
001111100000011
001111010011011
001111010001111
001101110110101
001111101000111
001101010110001
001111001110011
001000111101111
001011000001001
001101011100001
001011110001111
001110101100111
001001011001011
001111000111011
001110011110011
001100001101101
001001001000011
001001110011111
001110011001001
001010010110101
001010110101001
001101100001011
001001000010011
001001001111111
001001000000001
001000110010001
001100010111001
001000110000101
001010010001001
001000110000101
001110011101101
001010011100101
001001011000001
001110100000111
001110101111001
001011011100111
001100111100111
001101110001001
001011001100101
001110010100101
001101111001011
001010010101101
001100100011011
001110000000011
001011110001001
001011100001011
001001111010111
001000001111011
001011110111111
001001111000011
000000001101101
001111101110001
001110011101011
001110011001111
001010011010011
001111101010011
001001110101001
001110001001101
001100011001011
001010010100001
001110110010001
001010010001001
001110000010111
001000000010111
001111000000111
001001000011001
001111011001101
001101000100001
001110110000101
001011101000011
001110110100111
001101010001011
001110010111011
001000000110101
001101011010001
001001110111011
001110100111101
001010001100111
001000001101001
001110100101111
001111011110111
001110000010001
001001111110011
001001101110001
001000001111101
001011000000011
001010110010011
001101110110101
001000111101111
001110101100111
001100001101101
001010010110101
001001001111111
001000110000101
001010011100101
001011011100111
001110010100101
001110000000011
001000001111011
001111101110001
001111101010011
001010010100001
001000000010111
001101000100001
001101010001011
001001110111011
001110100101111
001001101110001
001101110110101
001010010110101
001011011100111
001111101110001
001101000100001
001001101110001
001111101110001
000000000000111
001000111011001
001000111011111
001010110100101
001000111011001
001101110111001
001000010001011
001000010100101
001000111011111
001100000000111
001110011101101
001010000110001
001010110100101
001110011010111
001010110111011
001100000001101
001000111011001
001000100000111
001111010010111
001110011000101
001101110111001
001010110000001
001101000101011
001100001011101
001000010001011
001001100001001
001110100000001
001001000100101
001000010100101
001011001000111
001100101011111
001111001100111
001000111011111
001100001111001
001101111000001
001101000011101
001100000000111
001011010100101
001010010100111
001001000111011
001110011101101
001110000010111
001010011100101
001010000110001
001010000110001
001000100110001
001111111001001
001101000011011
001010110100101
001111100111001
001011011000011
001101110001111
001110011010111
001000011101011
001111011110001
001000110101011
001010110111011
001101100101111
001100100110101
001001110100011
001100000001101
001100110110001
001011111000001
001110011101011
001000111011001
000000001100111
001100111111001
001111110011001
001000100000111
001010011011111
001110111101111
001001100011101
001111010010111
001000010011001
001001011000001
001000100110001
001110011000101
001101100011001
001011110010111
001110100100011
001101110111001
001100110110111
001000101101011
001010111011101
001010110000001
001011001000001
001101110100111
001100100000101
001101000101011
001001100001111
001110010110111
001000000001001
001100001011101
001011100111101
001010000110111
001100010100001
001000010001011
001100110001011
001011001101111
001001110101111
001001100001001
001011001010101
001110000001111
001101111010011
001110100000001
001111111111111
001110100000111
001111111001001
001001000100101
001011110110011
001000100110111
001000000111111
001000010100101
001111011100011
001101001100011
001100110011001
001011001000111
001000101101101
001001010111001
001011101110011
001100101011111
001010001110101
001100101100101
001100100001001
001111001100111
001000010100011
001101011100111
001110011001111
001000111011111
001100111111001
000000001011011
001001001100111
001100001111001
001011001001011
001111110111101
001000111100011
001101111000001
001000100100011
001110101111001
001101000011011
001101000011101
001111001011101
001001000111101
001101111100011
001100000000111
001000000110011
001101100010011
001111010111111
001011010100101
001110010000111
001101001111011
001100111001001
001010010100111
001011111011111
001010011001101
001001010110101
001001000111011
001111001110011
001110011110011
001001000010011
001110011101101
001011001100101
001001111010111
001010011010011
001110000010111
001110110100111
001000001101001
001010110010011
001010011100101
001000000010111
001011011100111
001010110100101
001010000110001
001110011000101
001001000100101
001101000011101
001010000110001
001101110001111
001001110100011
001111110011001
001000100110001
001010111011101
001000000001001
001001110101111
001111111001001
001100110011001
001100100001001
001001001100111
001101000011011
001111010111111
001001010110101
001010011010011
001010110100101
001111110011001
001001001100111
000000000001101
001111100111001
001111100100111
001100001001001
001010000000111
001011011000011
001011111111011
001100111100111
001111100111001
001101110001111
001011101010111
001101001101001
001110110000011
001110011010111
001111100011011
001111000111101
001111100100111
001000011101011
001010111111001
001001000001101
001000010000001
001111011110001
001100011001101
001100111001111
001100001001001
001000110101011
001001001000101
001110001011111
001010111000101
001010110111011
001000011001111
001111000101111
001010000000111
001101100101111
001001110011001
001100000011111
001101011101011
001100100110101
001100101111011
001101110001001
001011011000011
001001110100011
001001111011101
001100000100011
001111100010001
001100000001101
001010100001111
001110101110101
001011111111011
001100110110001
001111111100001
001100111101101
001111101001011
001011111000001
001111101000111
001010110101001
001100111100111
001110011101011
001110110000101
001000001111101
001111101010011
001000111011001
001000100000111
001100001111001
001111100111001
000000001100111
001100110110111
001100110001011
001111011100011
001100111111001
001000000110011
001011001100101
001101110001111
001111110011001
001111100011011
001000011001111
001010100001111
001000100000111
000000000011001
001110110001001
001011101010111
001010011011111
001101101010111
001101110010001
001101100001101
001110111101111
001011100010101
001111101111101
001101001101001
001001100011101
001001111010001
001101001011111
001100111011101
001111010010111
001110110001001
001101001010011
001110110000011
001000010011001
001011110101101
001011101011101
001111100000011
001001011000001
001111000000111
001110010100101
001110011010111
001000100110001
001101100011001
001011110110011
001111001011101
001110011000101
001011101010111
001001111011101
001111100011011
001101100011001
001001001101101
001111111000101
001000101010111
001011110010111
001001101001101
001001001110011
001111000111101
001110100100011
001000101001111
001011011110011
001001110101001
001101110111001
001010011011111
001011001001011
001111100100111
001100110110111
000000001000011
001010001011101
001001101100101
001000101101011
001100001111111
001101111001011
001000011101011
001010111011101
001001001101101
001110101000011
001111111101101
001010110000001
001101101010111
001101001010101
001010111111001
001011001000001
001100101000001
001010001011011
001010001101011
001101110100111
001011000111111
001110000100111
001001000001101
001100100000101
001111110111011
001000011111111
001011011010001
001101000101011
001101110010001
001000011101101
001000010000001
001001100001111
001000111110001
001011010111101
001001100111001
001110010110111
001010101001101
001010010101101
001111011110001
001000000001001
001111111000101
001111011010011
001010001001111
001100001011101
001101100001101
001011010010011
001100011001101
001011100111101
001101110111111
001111001010001
001000101111001
001010000110111
001010001001001
001111110101111
001100111001111
001100010100001
001011110011101
001000110110011
001110001001101
001000010001011
001110111101111
001111110111101
001100001001001
001100110001011
001010001011101
000000001110101
001000011010001
001011001101111
001000110000011
001100100011011
001000110101011
001001110101111
001000101010111
001010111101011
001000001110111
001001100001001
001011100010101
001100000110001
001001001000101
001011001010101
001111110001101
001111111000011
001011001011001
001110000001111
001010100011101
001100110000001
001110001011111
001101111010011
001011001100011
001101111111101
001001100110011
001110100000001
001111101111101
001100010010001
001010111000101
001111111111111
001111000011001
001001100100001
001111010011011
001110100000111
001001000011001
001110000000011
001010110111011
001111111001001
001011110010111
001000100110111
001001000111101
001001000100101
001101001101001
001100000100011
001000011001111
001011110110011
001110101000011
001111011010011
001010111101011
001000100110111
001110111000001
001100011111011
001111000101111
001000000111111
001100100101101
001010111010111
001100011001011
001000010100101
001001100011101
001000111100011
001010000000111
001111011100011
001001101100101
001000011010001
000000001001001
001101001100011
001101011110101
001011110001001
001101100101111
001100110011001
001001101001101
001110111000001
001000101100001
001011001000111
001001111010001
001111001000101
001001110011001
001000101101101
001101011000101
001011011111111
001010011011001
001001010111001
001110101010001
001011101001111
001100000011111
001011101110011
001011000011011
001111000010101
001100011101111
001100101011111
001101001011111
001000100011111
001101011101011
001010001110101
001000000100001
001100000110111
001110000000101
001100101100101
001111010111001
001011100001011
001100100110101
001100100001001
001001001110011
001100011111011
001100011110001
001111001100111
001100111011101
001111110000001
001100101111011
001000010100011
001010000010011
001100010010111
001011100011001
001101011100111
001101010110001
001101100001011
001101110001001
001110011001111
001011101000011
001011000000011
001010010100001
001000111011111
001111010010111
001101111000001
001011011000011
001100111111001
001000101101011
001011001101111
001101001100011
000000001011011
001101100010011
001001111010111
001001110100011
001001001100111
001111000111101
001111000101111
001110101110101
001100001111001
001110110001001
001101001010011
001001111011101
001011001001011
001101001010101
001000011101101
001011010010011
001111110111101
001100000110001
001100010010001
001100000100011
001000111100011
001111001000101
001000100011111
001111110000001
001101111000001
001101001010011
000000000011111
001111100010001
001000100100011
001011011100001
001100101001011
001111010001111
001110101111001
001111011001101
001000001111011
001100000001101
001101000011011
001110100100011
001000000111111
001101111100011
001101000011101
001110110000011
001111100010001
001010100001111
001111001011101
001111111101101
001010001001111
001000001110111
001001000111101
001000101100001
001100011110001
001110101110101
001101111100011
001100101101111
001100010000011
001110110010001
001100000000111
001000010011001
001000100100011
001011111111011
001000000110011
001100001111111
001000110000011
001101011110101
001101100010011
000000001010111
001011110111111
001100110110001
001111010111111
001000101001111
001100100101101
001100101101111
001011010100101
001011110101101
001011011100001
001111111100001
001110010000111
001101101000101
001010101001011
001100001010111
001101001111011
001011101000101
001101001001101
001100111101101
001100111001001
001010001111111
001011101111001
001100110111101
001010010100111
001011101011101
001100101001011
001111101001011
001011111011111
001000100111011
001001000110111
001111001100001
001010011001101
001101000110011
001001111000011
001011111000001
001001010110101
001011011110011
001010111010111
001100010000011
001001000111011
001111100000011
001111010001111
001111101000111
001111001110011
001011000001001
001011110001111
001001011001011
001110011110011
001001001000011
001110011001001
001010110101001
001001000010011
001001000000001
001100010111001
001010010001001
001110011101101
001001011000001
001110101111001
001100111100111
001011001100101
001101111001011
001100100011011
001011110001001
001001111010111
001011110111111
000000001101101
001110011101011
001010011010011
001001110101001
001100011001011
001110110010001
001110000010111
001111000000111
001111011001101
001110110000101
001110110100111
001110010111011
001101011010001
001110100111101
001000001101001
001111011110111
001001111110011
001000001111101
001010110010011
001000111101111
001100001101101
001001001111111
001010011100101
001110010100101
001000001111011
001111101010011
001000000010111
001101010001011
001110100101111
001101110110101
001011011100111
001101000100001
001111101110001
001000111011001
001010110100101
001101110111001
001000010100101
001100000000111
001010000110001
001110011010111
001100000001101
001000100000111
001110011000101
001010110000001
001100001011101
001001100001001
001001000100101
001011001000111
001111001100111
001100001111001
001101000011101
001011010100101
001001000111011
001110000010111
001010000110001
001000100110001
001101000011011
001111100111001
001101110001111
001000011101011
001000110101011
001101100101111
001001110100011
001100110110001
001110011101011
000000001100111
001111110011001
001010011011111
001001100011101
001000010011001
001000100110001
001101100011001
001110100100011
001100110110111
001010111011101
001011001000001
001100100000101
001001100001111
001000000001001
001011100111101
001100010100001
001100110001011
001001110101111
001011001010101
001101111010011
001111111111111
001111111001001
001011110110011
001000000111111
001111011100011
001100110011001
001000101101101
001011101110011
001010001110101
001100100001001
001000010100011
001110011001111
001100111111001
001001001100111
001011001001011
001000111100011
001000100100011
001101000011011
001111001011101
001101111100011
001000000110011
001111010111111
001110010000111
001100111001001
001011111011111
001001010110101
001111001110011
001001000010011
001011001100101
001010011010011
001110110100111
001010110010011
001000000010111
001010110100101
001110011000101
001101000011101
001101110001111
001111110011001
001010111011101
001001110101111
001100110011001
001001001100111
001111010111111
001010011010011
001111110011001
000000000001101
001111100100111
001010000000111
001011111111011
001111100111001
001011101010111
001110110000011
001111100011011
001111100100111
001010111111001
001000010000001
001100011001101
001100001001001
001001001000101
001010111000101
001000011001111
001010000000111
001001110011001
001101011101011
001100101111011
001011011000011
001001111011101
001111100010001
001010100001111
001011111111011
001111111100001
001111101001011
001111101000111
001100111100111
001110110000101
001111101010011
001000100000111
001111100111001
001100110110111
001111011100011
001000000110011
001101110001111
001111100011011
001010100001111
000000000011001
001011101010111
001101101010111
001101100001101
001011100010101
001101001101001
001001111010001
001100111011101
001110110001001
001110110000011
001011110101101
001111100000011
001111000000111
001110011010111
001101100011001
001111001011101
001011101010111
001111100011011
001001001101101
001000101010111
001001101001101
001111000111101
001000101001111
001001110101001
001010011011111
001111100100111
000000001000011
001001101100101
001100001111111
001000011101011
001001001101101
001111111101101
001101101010111
001010111111001
001100101000001
001010001101011
001011000111111
001001000001101
001111110111011
001011011010001
001101110010001
001000010000001
001000111110001
001001100111001
001010101001101
001111011110001
001111111000101
001010001001111
001101100001101
001100011001101
001101110111111
001000101111001
001010001001001
001100111001111
001011110011101
001110001001101
001110111101111
001100001001001
001010001011101
001000011010001
001000110000011
001000110101011
001000101010111
001000001110111
001011100010101
001001001000101
001111110001101
001011001011001
001010100011101
001110001011111
001011001100011
001001100110011
001111101111101
001010111000101
001111000011001
001111010011011
001001000011001
001010110111011
001011110010111
001001000111101
001101001101001
001000011001111
001110101000011
001010111101011
001110111000001
001111000101111
001100100101101
001100011001011
001001100011101
001010000000111
001001101100101
000000001001001
001101011110101
001101100101111
001001101001101
001000101100001
001001111010001
001001110011001
001101011000101
001010011011001
001110101010001
001100000011111
001011000011011
001100011101111
001101001011111
001101011101011
001000000100001
001110000000101
001111010111001
001100100110101
001001001110011
001100011110001
001100111011101
001100101111011
001010000010011
001011100011001
001101010110001
001101110001001
001011101000011
001010010100001
001111010010111
001011011000011
001000101101011
001101001100011
001101100010011
001001110100011
001111000111101
001110101110101
001110110001001
001001111011101
001101001010101
001011010010011
001100000110001
001100000100011
001111001000101
001111110000001
001101001010011
001111100010001
001011011100001
001111010001111
001111011001101
001100000001101
001110100100011
001101111100011
001110110000011
001010100001111
001111111101101
001000001110111
001000101100001
001110101110101
001100101101111
001110110010001
001000010011001
001011111111011
001100001111111
001101011110101
000000001010111
001100110110001
001000101001111
001100101101111
001011110101101
001111111100001
001101101000101
001100001010111
001011101000101
001100111101101
001010001111111
001100110111101
001011101011101
001111101001011
001000100111011
001111001100001
001101000110011
001011111000001
001011011110011
001100010000011
001111100000011
001111101000111
001011000001001
001001011001011
001001001000011
001010110101001
001001000000001
001010010001001
001001011000001
001100111100111
001101111001011
001011110001001
001011110111111
001110011101011
001001110101001
001110110010001
001111000000111
001110110000101
001110010111011
001110100111101
001111011110111
001000001111101
001000111101111
001001001111111
001110010100101
001111101010011
001101010001011
001101110110101
001101000100001
001000111011001
001101110111001
001100000000111
001110011010111
001000100000111
001010110000001
001001100001001
001011001000111
001100001111001
001011010100101
001110000010111
001000100110001
001111100111001
001000011101011
001101100101111
001100110110001
000000001100111
001010011011111
001000010011001
001101100011001
001100110110111
001011001000001
001001100001111
001011100111101
001100110001011
001011001010101
001111111111111
001011110110011
001111011100011
001000101101101
001010001110101
001000010100011
001100111111001
001011001001011
001000100100011
001111001011101
001000000110011
001110010000111
001011111011111
001111001110011
001011001100101
001110110100111
001000000010111
001110011000101
001101110001111
001010111011101
001100110011001
001111010111111
001111110011001
001111100100111
001011111111011
001011101010111
001111100011011
001010111111001
001100011001101
001001001000101
001000011001111
001001110011001
001100101111011
001001111011101
001010100001111
001111111100001
001111101000111
001110110000101
001000100000111
001100110110111
001000000110011
001111100011011
000000000011001
001101101010111
001011100010101
001001111010001
001110110001001
001011110101101
001111000000111
001101100011001
001011101010111
001001001101101
001001101001101
001000101001111
001010011011111
000000001000011
001100001111111
001001001101101
001101101010111
001100101000001
001011000111111
001111110111011
001101110010001
001000111110001
001010101001101
001111111000101
001101100001101
001101110111111
001010001001001
001011110011101
001110111101111
001010001011101
001000110000011
001000101010111
001011100010101
001111110001101
001010100011101
001011001100011
001111101111101
001111000011001
001001000011001
001011110010111
001101001101001
001110101000011
001110111000001
001100100101101
001001100011101
001001101100101
001101011110101
001001101001101
001001111010001
001101011000101
001110101010001
001011000011011
001101001011111
001000000100001
001111010111001
001001001110011
001100111011101
001010000010011
001101010110001
001011101000011
001111010010111
001000101101011
001101100010011
001111000111101
001110110001001
001101001010101
001100000110001
001111001000101
001101001010011
001011011100001
001111011001101
001110100100011
001110110000011
001111111101101
001000101100001
001100101101111
001000010011001
001100001111111
000000001010111
001000101001111
001011110101101
001101101000101
001011101000101
001010001111111
001011101011101
001000100111011
001101000110011
001011011110011
001111100000011
001011000001001
001001001000011
001001000000001
001001011000001
001101111001011
001011110111111
001001110101001
001111000000111
001110010111011
001111011110111
001000111101111
001110010100101
001101010001011
001101000100001
001101110111001
001110011010111
001010110000001
001011001000111
001011010100101
001000100110001
001000011101011
001100110110001
001010011011111
001101100011001
001011001000001
001011100111101
001011001010101
001011110110011
001000101101101
001000010100011
001011001001011
001111001011101
001110010000111
001111001110011
001110110100111
001110011000101
001010111011101
001111010111111
001111100100111
001011101010111
001010111111001
001001001000101
001001110011001
001001111011101
001111111100001
001110110000101
001100110110111
001111100011011
001101101010111
001001111010001
001011110101101
001101100011001
001001001101101
001000101001111
000000001000011
001001001101101
001100101000001
001111110111011
001000111110001
001111111000101
001101110111111
001011110011101
001010001011101
001000101010111
001111110001101
001011001100011
001111000011001
001011110010111
001110101000011
001100100101101
001001101100101
001001101001101
001101011000101
001011000011011
001000000100001
001001001110011
001010000010011
001011101000011
001000101101011
001111000111101
001101001010101
001111001000101
001011011100001
001110100100011
001111111101101
001100101101111
001100001111111
001000101001111
001101101000101
001010001111111
001000100111011
001011011110011
001011000001001
001001000000001
001101111001011
001001110101001
001110010111011
001000111101111
001101010001011
001101110111001
001010110000001
001011010100101
001000011101011
001010011011111
001011001000001
001011001010101
001000101101101
001011001001011
001110010000111
001110110100111
001010111011101
001111100100111
001010111111001
001001110011001
001111111100001
001100110110111
001101101010111
001011110101101
001001001101101
000000001000011
001100101000001
001000111110001
001101110111111
001010001011101
001111110001101
001111000011001
001110101000011
001001101100101
001101011000101
001000000100001
001010000010011
001000101101011
001101001010101
001011011100001
001111111101101
001100001111111
001101101000101
001000100111011
001011000001001
001101111001011
001110010111011
001101010001011
001010110000001
001000011101011
001011001000001
001000101101101
001110010000111
001010111011101
001010111111001
001111111100001
001101101010111
001001001101101
001100101000001
001101110111111
001111110001101
001110101000011
001101011000101
001010000010011
001101001010101
001111111101101
001101101000101
001011000001001
001110010111011
001010110000001
001011001000001
001110010000111
001010111111001
001101101010111
001100101000001
001111110001101
001101011000101
001101001010101
001101101000101
001110010111011
001011001000001
001010111111001
001100101000001
001101011000101
001101101000101
001011001000001
001100101000001
001101101000101
001100101000001
001100101000001
