 The Finite Field element for 2 pow 6 is 
000000001000011
000000001000011
000000001010111
000000001000011
000000001100111
000000001010111
000000001001001
000000001000011
000000000001101
000000001100111
000000001101101
000000001010111
000000001011011
000000001001001
000000001110101
000000001000011
000000001100111
000000000001101
000000001011011
000000001100111
000000000000111
000000001101101
000000001110011
000000001010111
000000001101101
000000001011011
000000000001011
000000001001001
000000001110011
000000001110101
000000001100001
000000001000011
000000001010111
000000001100111
000000001001001
000000000001101
000000001101101
000000001011011
000000001110101
000000001100111
000000001011011
000000000000111
000000001110011
000000001101101
000000000001011
000000001110011
000000001100001
000000001010111
000000001001001
000000001101101
000000001110101
000000001011011
000000001110011
000000000001011
000000001100001
000000001001001
000000001110101
000000001110011
000000001100001
000000001110101
000000001100001
000000001100001
